1000 15799 2432 11569 5473 15.799 2.432 11.569 5.473
2000 37377 5229 25451 12741 18.6885 2.6145 12.7255 6.3705
3000 55140 8344 42294 18596 18.38 2.78133 14.098 6.19867
4000 73254 11515 56810 27286 18.3135 2.87875 14.2025 6.8215
5000 96533 14552 80131 41466 19.3066 2.9104 16.0262 8.2932
6000 113625 18358 92981 43915 18.9375 3.05967 15.4968 7.31917
7000 141464 21376 122154 53422 20.2091 3.05371 17.4506 7.63171
8000 157200 25013 132121 54103 19.65 3.12663 16.5151 6.76288
9000 181508 28506 150613 68523 20.1676 3.16733 16.7348 7.61367
10000 219115 31161 162876 72671 21.9115 3.1161 16.2876 7.2671
11000 221537 35619 191849 86594 20.1397 3.23809 17.4408 7.87218
12000 252932 38904 224884 95003 21.0777 3.242 18.7403 7.91692
13000 270421 42585 229514 95322 20.8016 3.27577 17.6549 7.33246
14000 294075 46624 255093 118526 21.0054 3.33029 18.2209 8.46614
15000 312585 50021 280359 120685 20.839 3.33473 18.6906 8.04567
16000 336616 53535 295581 127057 21.0385 3.34594 18.4738 7.94106
17000 393585 56402 322638 145693 23.1521 3.31776 18.9787 8.57018
18000 392800 60818 316335 142039 21.8222 3.37878 17.5742 7.89106
19000 418567 64837 334582 148098 22.0298 3.41247 17.6096 7.79463
20000 431037 68901 353549 155623 21.5519 3.44505 17.6775 7.78115
21000 484111 71704 383526 182979 23.0529 3.41448 18.2631 8.71329
22000 484628 75954 405731 176427 22.0285 3.45245 18.4423 8.01941
23000 525175 79032 439255 190323 22.8337 3.43617 19.098 8.27491
24000 529907 83544 477244 207330 22.0795 3.481 19.8852 8.63875
25000 574894 86229 481142 219373 22.9958 3.44916 19.2457 8.77492
26000 611979 90620 496191 223277 23.5377 3.48538 19.0843 8.58758
27000 616552 95256 530358 224697 22.8353 3.528 19.6429 8.32211
28000 644723 99278 524095 238865 23.0258 3.54564 18.7177 8.53089
29000 678257 102654 543493 248688 23.3882 3.53979 18.7411 8.57545
30000 678347 107393 584489 262206 22.6116 3.57977 19.483 8.7402
31000 697708 111513 610871 276416 22.5067 3.59719 19.7055 8.91665
32000 781620 113982 612874 273142 24.4256 3.56194 19.1523 8.53569
33000 777882 118605 633267 300112 23.5722 3.59409 19.1899 9.0943
34000 825339 121443 656321 291585 24.2747 3.57185 19.3036 8.57603
35000 821900 127339 702490 337679 23.4829 3.63826 20.0711 9.64797
36000 859763 130113 728419 303811 23.8823 3.61425 20.2339 8.43919
37000 867109 133644 716465 314240 23.4354 3.612 19.3639 8.49297
38000 896144 138496 741777 312365 23.5827 3.64463 19.5204 8.22013
39000 913799 143050 749999 338637 23.4307 3.66795 19.2307 8.683
40000 943198 146405 785369 326078 23.58 3.66012 19.6342 8.15195
41000 1033865 148203 803348 373491 25.2162 3.61471 19.5939 9.10954
42000 1034919 153434 851596 393149 24.6409 3.65319 20.2761 9.36069
43000 1105898 156312 877314 365618 25.7186 3.63516 20.4027 8.50274
44000 1043433 161653 884676 367762 23.7144 3.67393 20.1063 8.35823
45000 1083864 165146 950724 376734 24.0859 3.66991 21.1272 8.37187
46000 1156399 170108 966465 482244 25.1391 3.698 21.0101 10.4836
47000 1186088 172892 960069 432947 25.2359 3.67855 20.427 9.21164
48000 1177663 177008 990806 420551 24.5346 3.68767 20.6418 8.76148
49000 1187543 181800 994240 449082 24.2356 3.7102 20.2906 9.16494
50000 1199150 186929 1009898 437850 23.983 3.73858 20.198 8.757
