1000 15799 2432 11569 5473 
2000 37377 5229 25451 12741 
3000 55140 8344 42294 18596 
4000 73254 11515 56810 27286 
5000 96533 14552 80131 41466 
6000 113625 18358 92981 43915 
7000 141464 21376 122154 53422 
8000 157200 25013 132121 54103 
9000 181508 28506 150613 68523 
10000 219115 31161 162876 72671 
11000 221537 35619 191849 86594 
12000 252932 38904 224884 95003 
13000 270421 42585 229514 95322 
14000 294075 46624 255093 118526 
15000 312585 50021 280359 120685 
16000 336616 53535 295581 127057 
17000 393585 56402 322638 145693 
18000 392800 60818 316335 142039 
19000 418567 64837 334582 148098 
20000 431037 68901 353549 155623 
21000 484111 71704 383526 182979 
22000 484628 75954 405731 176427 
23000 525175 79032 439255 190323 
24000 529907 83544 477244 207330 
25000 574894 86229 481142 219373 
26000 611979 90620 496191 223277 
27000 616552 95256 530358 224697 
28000 644723 99278 524095 238865 
29000 678257 102654 543493 248688 
30000 678347 107393 584489 262206 
31000 697708 111513 610871 276416 
32000 781620 113982 612874 273142 
33000 777882 118605 633267 300112 
34000 825339 121443 656321 291585 
35000 821900 127339 702490 337679 
36000 859763 130113 728419 303811 
37000 867109 133644 716465 314240 
38000 896144 138496 741777 312365 
39000 913799 143050 749999 338637 
40000 943198 146405 785369 326078 
41000 1033865 148203 803348 373491 
42000 1034919 153434 851596 393149 
43000 1105898 156312 877314 365618 
44000 1043433 161653 884676 367762 
45000 1083864 165146 950724 376734 
46000 1156399 170108 966465 482244 
47000 1186088 172892 960069 432947 
48000 1177663 177008 990806 420551 
49000 1187543 181800 994240 449082 
50000 1199150 186929 1009898 437850 
