10000 230746 528985 508569 14 14 16 16 
10000 230921 527436 508147 14 14 16 16 
10000 230701 525675 507608 14 14 16 16 
10000 230144 526941 508082 14 14 16 16 
10000 230453 519370 504322 14 14 16 16 
10000 230347 527925 507490 14 14 16 16 
10000 231285 530187 509787 14 14 16 16 
10000 229989 523084 505839 14 14 16 16 
10000 230243 526912 508377 14 14 16 16 
10000 231585 529206 510265 15 14 17 17 
10000 230783 527027 507745 14 14 16 16 
10000 230781 522868 507002 14 14 16 16 
10000 231683 526899 508696 14 14 16 16 
10000 231681 530249 509674 14 14 16 16 
10000 230987 528301 509209 14 14 16 16 
10000 230336 527034 507488 14 14 16 16 
10000 231243 525100 507893 15 14 17 17 
10000 230372 524076 505666 14 14 16 16 
10000 232033 525250 508328 14 14 16 16 
20000 501842 1072201 1076170 15 15 17 17 
20000 501616 1071482 1074464 15 15 17 17 
20000 500424 1069240 1074457 15 15 17 17 
20000 501940 1067299 1074128 15 15 17 17 
20000 502210 1074356 1076065 15 15 17 17 
20000 501075 1070208 1073039 16 15 17 17 
20000 502730 1074606 1076294 15 15 17 17 
20000 503884 1074554 1079025 16 15 18 18 
20000 503839 1073127 1077387 16 15 17 17 
20000 500846 1073645 1075394 15 15 17 17 
20000 502818 1069005 1075119 16 15 18 18 
20000 502064 1067829 1074485 15 15 17 17 
20000 502686 1070379 1075195 16 15 18 18 
20000 500007 1071925 1072124 15 15 17 17 
20000 503973 1069017 1076668 16 16 18 18 
20000 503465 1069726 1075411 15 15 17 17 
20000 503535 1072206 1078861 16 15 17 17 
20000 502652 1070355 1076165 16 15 18 18 
20000 503338 1068681 1075892 15 15 17 17 
30000 788142 1621818 1664743 16 16 18 18 
30000 789302 1626194 1668016 16 16 18 18 
30000 790469 1635730 1672406 16 16 18 18 
30000 792013 1620584 1670156 16 16 18 18 
30000 789700 1632538 1671443 16 16 18 18 
30000 790021 1626760 1669902 16 16 18 18 
30000 792385 1629624 1672867 17 16 19 19 
30000 787667 1622394 1664676 16 16 18 18 
30000 786510 1621419 1661251 16 16 18 18 
30000 788883 1627443 1668659 16 16 18 18 
30000 786829 1621260 1663820 16 16 18 18 
30000 787220 1626020 1666038 16 16 18 18 
30000 789117 1622308 1666490 16 16 18 18 
30000 788311 1616234 1663935 17 16 19 19 
30000 787950 1627747 1668021 16 16 18 18 
30000 789260 1626656 1666539 16 16 18 18 
30000 788283 1615925 1662832 16 16 18 18 
30000 788909 1620689 1665023 16 16 18 18 
30000 788082 1626702 1667215 16 16 18 18 
40000 1087763 2182412 2276350 17 17 19 19 
40000 1084103 2184535 2271531 16 16 18 18 
40000 1083604 2184384 2270363 17 16 18 18 
40000 1084379 2183990 2270111 17 17 19 19 
40000 1083762 2179800 2269019 17 16 19 19 
40000 1092211 2182052 2280363 17 17 19 19 
40000 1087600 2186107 2277985 17 17 19 19 
40000 1083620 2185366 2269763 16 16 18 18 
40000 1083395 2186654 2272697 17 17 19 19 
40000 1090803 2192163 2282782 17 17 19 19 
40000 1084766 2181135 2270812 17 16 19 19 
40000 1087836 2180195 2274821 17 17 19 19 
40000 1084705 2183920 2271150 17 17 19 19 
40000 1089905 2188102 2280142 17 17 19 19 
40000 1086427 2180129 2272948 17 17 19 19 
40000 1084859 2185231 2273462 17 16 19 19 
40000 1084406 2183469 2269994 17 16 19 19 
40000 1089032 2186997 2279879 17 17 19 19 
40000 1083813 2180052 2269605 17 16 19 19 
50000 1388896 2748343 2891417 17 17 19 19 
50000 1390225 2749995 2893893 17 17 19 19 
50000 1393566 2750487 2896995 17 17 19 19 
50000 1391406 2748715 2893069 17 17 19 19 
50000 1385650 2739196 2885821 17 17 19 19 
50000 1391010 2751362 2895929 17 17 19 19 
50000 1387423 2742740 2887311 17 17 19 19 
50000 1389019 2740687 2889368 17 17 19 19 
50000 1390093 2735723 2887763 17 17 19 19 
50000 1388330 2740252 2887667 17 17 19 19 
50000 1385429 2745976 2887077 17 17 19 19 
50000 1391608 2755780 2897448 17 17 19 19 
50000 1389839 2746150 2890284 17 17 19 19 
50000 1388272 2750778 2891984 17 17 19 19 
50000 1393750 2749277 2896407 17 17 19 19 
50000 1388108 2748772 2890272 17 17 19 19 
50000 1389473 2732359 2886596 17 17 19 19 
50000 1387238 2751638 2891858 17 17 19 19 
50000 1389567 2748728 2893337 17 17 19 19 
60000 1700350 3311141 3517359 17 17 19 19 
60000 1698758 3302683 3511986 17 17 19 19 
60000 1696617 3315180 3515323 17 17 19 19 
60000 1702240 3316010 3523524 18 17 20 20 
60000 1696978 3309830 3515387 17 17 19 19 
60000 1696440 3308364 3512806 17 17 19 19 
60000 1702133 3318882 3520916 18 17 20 20 
60000 1702356 3314697 3521038 17 17 19 19 
60000 1707484 3313726 3526845 18 17 20 20 
60000 1694998 3306052 3508547 17 17 19 19 
60000 1698066 3307145 3512909 17 17 19 19 
60000 1699339 3313794 3517282 17 17 19 19 
60000 1697290 3307463 3511214 17 17 19 19 
60000 1702687 3317728 3526474 18 17 20 20 
60000 1702595 3313749 3523258 17 17 20 20 
60000 1703521 3315550 3524315 18 17 20 20 
60000 1701315 3312070 3516313 18 17 20 20 
60000 1696926 3313818 3513763 17 17 19 19 
60000 1703193 3313175 3520630 18 17 19 19 
70000 2010132 3888557 4150821 17 17 19 19 
70000 2013927 3878298 4151809 18 17 20 20 
70000 2019557 3884349 4157836 18 18 20 20 
70000 2020474 3887523 4162424 18 17 20 20 
70000 2028316 3894396 4174340 18 18 20 20 
70000 2010629 3878889 4146432 18 17 19 19 
70000 2013493 3890030 4152862 18 17 20 20 
70000 2016530 3885724 4156960 18 17 20 20 
70000 2016417 3873542 4149941 18 17 20 20 
70000 2014945 3875905 4149746 18 18 20 20 
70000 2016240 3880061 4151983 18 18 20 20 
70000 2019648 3883566 4158643 18 17 20 20 
70000 2014554 3880890 4151363 18 18 20 20 
70000 2015923 3879018 4153523 18 17 20 20 
70000 2024655 3891613 4168754 18 18 20 20 
70000 2013428 3879937 4151202 17 17 19 19 
70000 2014077 3883544 4151167 18 17 19 19 
70000 2010931 3874525 4145718 18 17 19 19 
70000 2013838 3879564 4150143 18 17 20 20 
80000 2331164 4439352 4783150 18 18 20 20 
80000 2333920 4447799 4791498 18 18 20 20 
80000 2335737 4458832 4796887 18 18 20 20 
80000 2326054 4435962 4775823 18 17 20 20 
80000 2335243 4445861 4790979 18 18 20 20 
80000 2331750 4444818 4787662 18 18 20 20 
80000 2330274 4441737 4784959 18 18 20 20 
80000 2331728 4445475 4786794 18 18 20 20 
80000 2341800 4448678 4805338 18 18 20 20 
80000 2334904 4450700 4792106 18 18 20 20 
80000 2330608 4447381 4788624 18 18 20 20 
80000 2340437 4454785 4804486 18 18 20 20 
80000 2333262 4456945 4794931 18 18 20 20 
80000 2334833 4441996 4788470 18 18 20 20 
80000 2337797 4464772 4802547 18 18 20 20 
80000 2333410 4450531 4793781 18 18 20 20 
80000 2332374 4457780 4790957 18 18 20 20 
80000 2330485 4454945 4790270 18 18 20 20 
80000 2336033 4450664 4795425 18 18 20 20 
90000 2659988 5032403 5447027 18 18 20 20 
90000 2656384 5028968 5438057 18 18 20 20 
90000 2654046 5025956 5434655 18 18 20 20 
90000 2666200 5021585 5449244 18 18 20 20 
90000 2658847 5023501 5441219 18 18 20 20 
90000 2658491 5029605 5443974 18 18 20 20 
90000 2652239 5014674 5428747 18 18 20 20 
90000 2657702 5024957 5440364 18 18 20 20 
90000 2652329 5023887 5430828 18 18 20 20 
90000 2650081 5010971 5426142 18 18 20 20 
90000 2657462 5024817 5437529 18 18 20 20 
90000 2654032 5014686 5428133 18 18 20 20 
90000 2658277 5029581 5443711 18 18 20 20 
90000 2654691 5021268 5432442 18 18 20 20 
90000 2658534 5024038 5439517 18 18 20 20 
90000 2660833 5020675 5441967 18 18 20 20 
90000 2650452 5007524 5425993 18 18 20 20 
90000 2650996 5018980 5432706 18 18 20 20 
90000 2662131 5013790 5441028 18 18 20 20 
100000 2977767 5594712 6080482 18 18 20 20 
100000 2990993 5600276 6100019 19 18 20 20 
100000 2977893 5598298 6081666 18 18 20 20 
100000 2989644 5590845 6090226 19 18 21 21 
100000 2998975 5595068 6109639 19 18 21 21 
100000 2982714 5599093 6088483 18 18 20 20 
100000 2988234 5599114 6098309 19 18 21 21 
100000 2978324 5586159 6079367 18 18 20 20 
100000 2975196 5592333 6079328 18 18 20 20 
100000 2985123 5613417 6098574 18 18 20 20 
100000 2975176 5599177 6081681 18 18 20 20 
100000 2979828 5594856 6085893 18 18 20 20 
100000 2979010 5604632 6086723 18 18 20 20 
100000 2977170 5590704 6076903 18 18 20 20 
100000 2988922 5593013 6094299 18 18 20 20 
100000 2989590 5598604 6100510 19 18 20 20 
100000 2987377 5603904 6095903 18 18 21 21 
100000 2979923 5596891 6085991 18 18 20 20 
100000 2979381 5590954 6081962 19 18 20 20 
