1000 12631 2619 14840 2388 12.631 2.619 14.84 2.388
2000 27931 5687 35155 5237 13.9655 2.8435 17.5775 2.6185
3000 42806 8997 54569 8258 14.2687 2.999 18.1897 2.75267
4000 61103 12136 75581 11618 15.2758 3.034 18.8953 2.9045
5000 78365 15945 92480 14791 15.673 3.189 18.496 2.9582
6000 95955 19114 113601 18177 15.9925 3.18567 18.9335 3.0295
7000 137801 22130 139021 21477 19.6859 3.16143 19.8601 3.06814
8000 133244 26600 167493 24709 16.6555 3.325 20.9366 3.08862
9000 152230 30314 179966 28618 16.9144 3.36822 19.9962 3.17978
10000 168755 34039 201754 32078 16.8755 3.4039 20.1754 3.2078
11000 197532 37845 225864 35352 17.9575 3.44045 20.5331 3.21382
12000 209657 41352 247753 38924 17.4714 3.446 20.6461 3.24367
13000 234881 44738 296282 41751 18.0678 3.44138 22.7909 3.21162
14000 243955 49163 320090 45655 17.4254 3.51164 22.8636 3.26107
15000 287278 52315 334849 49538 19.1519 3.48767 22.3233 3.30253
16000 283116 57206 333793 54492 17.6947 3.57538 20.8621 3.40575
17000 332781 59201 389268 56719 19.5754 3.48241 22.8981 3.33641
18000 336751 64090 422233 59452 18.7084 3.56056 23.4574 3.30289
19000 349938 68413 424378 64046 18.4178 3.60068 22.3357 3.37084
20000 387055 71231 460567 67050 19.3528 3.56155 23.0283 3.3525
21000 401002 76155 472405 71958 19.0953 3.62643 22.4955 3.42657
22000 445519 79356 492368 75792 20.2509 3.60709 22.3804 3.44509
23000 459445 83512 510440 79812 19.9759 3.63096 22.193 3.47009
24000 443716 88797 540793 83817 18.4882 3.69988 22.533 3.49238
25000 498266 91611 549027 87621 19.9306 3.66444 21.9611 3.50484
26000 501516 95615 592707 90682 19.2891 3.6775 22.7964 3.48777
27000 555756 99231 623962 94512 20.5836 3.67522 23.1097 3.50044
28000 541799 104292 614087 100090 19.35 3.72471 21.9317 3.57464
29000 591226 107494 689396 101968 20.3871 3.70669 23.7723 3.51614
30000 606979 112869 714572 104916 20.2326 3.7623 23.8191 3.4972
31000 608143 116851 757082 108374 19.6175 3.76939 24.422 3.49594
32000 667186 118844 740299 114353 20.8496 3.71387 23.1343 3.57353
33000 687761 123381 803225 118849 20.8412 3.73882 24.3402 3.60148
34000 681913 129648 774469 122726 20.0563 3.81318 22.7785 3.60959
35000 700170 132826 809094 126347 20.0049 3.79503 23.117 3.60991
36000 708631 137008 855788 130078 19.6842 3.80578 23.7719 3.61328
37000 791321 139319 932309 132288 21.3871 3.76538 25.1975 3.57535
38000 757327 145247 910948 137748 19.9297 3.82229 23.9723 3.62495
39000 822799 149189 923515 142352 21.0974 3.82536 23.6799 3.65005
40000 804593 153355 973173 144667 20.1148 3.83387 24.3293 3.61667
41000 819281 158555 1009340 149209 19.9825 3.8672 24.618 3.63924
42000 831217 163135 996668 154658 19.7909 3.88417 23.7302 3.68233
43000 921049 164409 1075963 157206 21.4197 3.82347 25.0224 3.65595
44000 941857 168770 1097635 161554 21.4058 3.83568 24.9462 3.67168
45000 930935 174650 1052331 167611 20.6874 3.88111 23.3851 3.72469
46000 936291 179950 1146764 168434 20.3542 3.91196 24.9297 3.66161
47000 1002118 182042 1109520 174364 21.3217 3.87323 23.6068 3.70987
48000 1000489 187573 1182244 177155 20.8435 3.90777 24.6301 3.69073
49000 990294 192679 1153463 183019 20.2101 3.93222 23.5401 3.73508
50000 1055056 195972 1229128 186554 21.1011 3.91944 24.5826 3.73108
