1000 11715 2874 16195 2436 
2000 23719 6209 34084 5287 
3000 38862 9649 56736 8243 
4000 55796 13420 73320 11561 
5000 74236 16941 97402 14672 
6000 86560 21068 124216 17934 
7000 108423 24649 136546 21450 
8000 115923 28610 169362 24701 
9000 153866 31830 183771 27933 
10000 156774 36070 209534 31950 
11000 177147 40102 225604 35542 
12000 184704 44718 255149 38665 
13000 208582 48721 280364 42228 
14000 239854 51581 301143 46252 
15000 253901 56226 325527 49627 
16000 267830 60914 336001 54116 
17000 282292 65087 373944 57310 
18000 336383 67906 390015 61014 
19000 323197 73053 408336 64771 
20000 335610 77103 460231 68323 
21000 362519 80991 450812 72642 
22000 366230 86325 497510 75671 
23000 416007 89983 510914 80109 
24000 431748 94034 517427 84385 
25000 432885 98654 563942 87465 
26000 440161 103724 568208 92120 
27000 464881 107220 655697 93671 
28000 490902 111266 634130 98073 
29000 558195 114186 668532 103078 
30000 536637 119861 703751 106655 
31000 542623 125075 739535 109424 
32000 554553 129026 749606 114139 
33000 612042 131671 776106 116726 
34000 617371 137572 835680 121188 
35000 662714 140421 842878 125733 
36000 660995 146335 864694 129692 
37000 669607 151130 898682 132475 
38000 708087 154537 887279 138154 
39000 752569 158876 917736 141346 
40000 735074 164723 981501 144844 
41000 752923 168948 983841 150032 
42000 766438 173082 995061 154996 
43000 818443 176318 1038880 156834 
44000 778201 183632 1031326 162600 
45000 814652 186730 1096247 165744 
46000 894116 189594 1096825 169946 
47000 962350 193893 1118225 174514 
48000 906957 199104 1218393 176677 
49000 1012259 202459 1210966 182652 
50000 967956 208239 1281808 184640 
