10000 75409136 100793272 25414127 4999 5000 
20000 300255033 400460066 100265019 9999 10000 
30000 674685548 899296096 224700530 14999 15000 
40000 1199656397 1599212794 399676384 19999 20000 
50000 1876336125 2502547250 626361112 24999 25000 
60000 2703376725 3606603450 903406716 29999 30000 
70000 3672653803 4895132606 1222688795 34999 35000 
80000 4800131620 6400063240 1600171606 39999 40000 
90000 6075989986 8101754972 2026034980 44999 45000 
100000 7505930162 10011610324 2505980148 49999 50000 
