10000 393968 470054 162065 26 25 29 29 
10000 410754 508435 174906 27 26 31 31 
10000 395677 478946 164857 26 26 30 30 
10000 391746 480080 165454 26 26 31 31 
10000 397324 477478 164661 26 26 30 30 
10000 379939 466440 161171 24 24 28 28 
10000 397439 473964 163271 26 26 30 30 
10000 402797 495157 170635 26 26 30 30 
10000 388745 465569 160537 25 26 30 30 
10000 415313 492789 169514 27 28 31 31 
10000 411958 494340 169719 29 30 34 34 
10000 402622 489451 168847 27 26 31 31 
10000 455662 542837 186537 30 31 35 35 
10000 387958 474623 163872 25 25 30 30 
10000 403152 488836 168609 26 26 31 31 
10000 395139 468806 162051 27 27 32 32 
10000 406852 489937 168705 27 28 33 33 
10000 403311 489501 168347 25 25 29 29 
10000 381610 464679 160392 24 24 27 27 
20000 868313 1050803 360853 29 27 34 34 
20000 879893 1037723 356887 27 28 32 32 
20000 920604 1119551 383800 34 34 38 38 
20000 879672 1063811 365534 31 30 36 36 
20000 855012 1026327 353248 29 30 34 34 
20000 933877 1126920 386693 33 33 37 37 
20000 833629 1008108 347131 27 27 30 30 
20000 837144 1017706 350020 28 29 32 32 
20000 886427 1062006 365080 31 31 37 37 
20000 887125 1060041 364369 28 28 32 32 
20000 875459 1064674 366031 29 28 33 33 
20000 902632 1081840 371782 29 30 33 33 
20000 852479 1027011 353607 27 28 33 33 
20000 887087 1056012 362244 30 30 34 34 
20000 828816 1009964 347684 27 28 32 32 
20000 872150 1036960 356376 28 28 32 32 
20000 857071 1045835 358868 30 30 35 35 
20000 879983 1087137 373287 29 29 35 35 
20000 871180 1044379 359250 33 33 40 40 
30000 1374462 1650054 566720 29 29 35 35 
30000 1267155 1539106 529704 27 27 31 31 
30000 1617610 1926100 657668 36 36 41 41 
30000 1433685 1719059 589081 33 34 38 38 
30000 1342873 1641645 563154 30 30 35 35 
30000 1341466 1600542 549748 32 32 38 38 
30000 1424554 1724901 591007 31 32 37 37 
30000 1315968 1603801 550939 28 28 33 33 
30000 1400441 1686842 578731 32 31 37 37 
30000 1348682 1623465 557121 33 33 39 39 
30000 1438292 1737239 594981 31 32 37 37 
30000 1407074 1705608 585138 31 31 35 35 
30000 1379528 1656131 567823 32 33 38 38 
30000 1432769 1695893 581960 32 31 36 36 
30000 1373503 1654954 567836 29 31 35 35 
30000 1413062 1669564 572477 31 31 36 36 
30000 1440803 1740701 596637 33 33 37 37 
30000 1341019 1643427 564331 31 31 36 36 
30000 1424122 1711359 586901 32 32 37 37 
40000 1964304 2356268 807361 32 32 36 36 
40000 1916539 2293980 786603 33 34 40 40 
40000 2043563 2461295 842215 35 34 39 39 
40000 1893714 2292278 785928 31 31 36 36 
40000 1800745 2175492 746696 30 30 35 35 
40000 1930730 2344418 802483 33 33 37 37 
40000 1881769 2271644 778127 31 32 35 35 
40000 1818144 2167971 744417 33 33 39 39 
40000 1828732 2211187 759028 30 30 35 35 
40000 1943631 2343205 802642 36 36 41 41 
40000 1910584 2322108 795740 33 32 38 38 
40000 1808225 2200061 755541 30 31 35 35 
40000 1858268 2244181 769416 32 33 37 37 
40000 1849041 2227032 764044 33 32 36 36 
40000 1787131 2151112 738800 30 29 35 35 
40000 1974678 2404460 822889 34 34 39 39 
40000 1863599 2252000 772132 33 34 38 38 
40000 1891520 2265693 776435 32 32 37 37 
40000 1906865 2293018 785891 30 30 34 34 
50000 2336937 2834439 971769 31 32 36 36 
50000 2348101 2875458 985898 31 31 35 35 
50000 2345210 2800523 961449 35 36 40 40 
50000 2553931 3077668 1052997 35 35 40 40 
50000 2530572 3021355 1034019 35 35 40 40 
50000 2321085 2812475 964961 33 31 37 37 
50000 2435062 2905215 995581 33 32 37 37 
50000 2463158 3000357 1026811 34 34 38 38 
50000 2498938 2959176 1013946 33 33 37 37 
50000 2395780 2864785 981996 33 32 36 36 
50000 2388623 2907210 996659 32 33 37 37 
50000 2498868 3022129 1033892 33 33 38 38 
50000 2513305 2995254 1025013 34 35 39 39 
50000 2611999 3105470 1061466 36 37 41 41 
50000 2296870 2805761 961421 33 33 38 38 
50000 2538316 3044244 1041606 35 36 39 39 
50000 2508338 3047664 1043456 37 36 41 41 
50000 2393246 2874265 984354 33 33 38 38 
50000 2310910 2798956 960418 31 31 36 36 
60000 2889746 3456748 1184910 31 31 35 35 
60000 3035226 3653267 1250331 34 34 38 38 
60000 3165287 3757869 1284937 36 36 42 42 
60000 2847747 3452089 1183051 30 31 35 35 
60000 2849232 3464239 1187210 33 33 37 37 
60000 2909851 3496796 1197456 32 32 37 37 
60000 2906776 3503194 1200851 35 35 39 39 
60000 2873633 3430152 1176276 34 33 38 38 
60000 3068398 3735878 1278448 34 34 39 39 
60000 2870874 3474812 1190911 31 32 36 36 
60000 3065260 3656961 1251418 35 35 39 39 
60000 3048116 3688909 1262661 35 34 39 39 
60000 3060259 3615280 1237891 33 32 36 36 
60000 2899992 3526444 1207734 35 36 42 42 
60000 3051279 3663847 1253534 36 36 39 39 
60000 2849279 3459509 1185769 35 33 40 40 
60000 2994418 3642584 1247562 35 35 39 39 
60000 3067307 3722191 1273003 37 37 41 41 
60000 2981923 3571960 1222745 34 34 39 39 
70000 3581079 4264706 1459044 34 33 37 37 
70000 3490995 4291518 1468805 35 34 38 38 
70000 3721778 4489449 1535246 35 35 39 39 
70000 3395277 4126370 1414117 32 32 36 36 
70000 3404246 4086351 1399904 32 32 37 37 
70000 3560084 4322961 1479030 36 36 40 40 
70000 3576894 4237112 1450568 36 36 40 40 
70000 3482080 4228322 1447873 33 34 38 38 
70000 3378191 4095603 1403395 32 33 37 37 
70000 3580408 4304094 1472735 36 36 43 43 
70000 3517085 4294985 1469373 34 35 40 40 
70000 3452389 4205483 1439793 36 36 41 41 
70000 3342645 4027996 1380610 32 33 38 38 
70000 3575694 4326532 1480135 36 36 41 41 
70000 3413827 4125619 1412821 32 33 36 36 
70000 3757342 4447946 1520345 36 37 43 43 
70000 3370742 4088008 1400842 32 32 36 36 
70000 3393497 4122631 1411585 33 33 37 37 
70000 3331599 4056173 1390387 32 32 36 36 
80000 3887242 4767319 1631765 33 33 38 38 
80000 4321566 5166136 1764560 37 37 42 42 
80000 3970436 4771599 1633228 32 33 38 38 
80000 3964834 4828123 1652905 33 33 37 37 
80000 3968829 4796204 1640663 33 34 37 37 
80000 4043502 4965255 1698408 33 33 38 38 
80000 4332563 5119915 1751098 37 36 41 41 
80000 4059753 4975202 1701181 35 34 38 38 
80000 3952087 4811725 1647395 34 33 38 38 
80000 4102868 4995766 1708743 37 37 43 43 
80000 4138140 5049150 1725858 36 37 41 41 
80000 3975016 4778990 1636228 32 32 36 36 
80000 4111264 5007832 1712373 34 35 41 41 
80000 4110484 5017732 1715912 34 35 38 38 
80000 3957274 4834543 1655123 33 34 37 37 
80000 3874723 4685146 1605736 35 36 42 42 
80000 3988163 4738806 1623443 36 36 40 40 
80000 4155626 5033415 1721134 35 35 40 40 
80000 4051188 4893318 1675056 34 34 38 38 
90000 4681090 5613268 1919227 37 37 43 43 
90000 4527831 5488063 1877832 35 35 39 39 
90000 4419389 5400838 1849445 34 34 38 38 
90000 4606895 5561993 1902573 36 35 40 40 
90000 4450757 5388007 1843329 32 33 37 37 
90000 4487561 5428750 1858889 36 36 42 42 
90000 4402777 5352753 1832430 34 34 38 38 
90000 4665369 5613411 1919757 37 36 40 40 
90000 4652214 5624990 1923447 36 35 40 40 
90000 4697505 5603152 1916869 34 35 38 38 
90000 4559807 5472279 1873148 33 33 38 38 
90000 4611534 5586020 1911132 35 35 39 39 
90000 4641542 5550315 1898410 34 34 39 39 
90000 4626030 5531120 1892141 34 34 38 38 
90000 4507764 5481411 1876035 39 40 44 44 
90000 5066783 6135298 2094255 42 42 47 47 
90000 4747266 5635799 1927900 37 38 41 41 
90000 4583160 5480652 1875535 34 33 39 39 
90000 4569835 5487994 1878231 37 37 43 43 
100000 5211386 6207014 2123255 35 35 39 39 
100000 5191521 6343951 2168783 37 37 41 41 
100000 5142110 6140876 2101252 35 35 39 39 
100000 5138022 6218352 2126968 35 35 41 41 
100000 5194432 6256235 2140148 35 35 40 40 
100000 5255922 6286870 2149725 36 36 40 40 
100000 5392733 6547064 2235304 40 40 44 44 
100000 5262551 6236632 2132542 35 35 39 39 
100000 5042524 6041613 2068964 36 36 40 40 
100000 4939659 5989110 2051488 37 37 41 41 
100000 4981020 6038880 2067261 34 34 38 38 
100000 5101115 6152295 2105183 34 34 39 39 
100000 5024595 6105062 2089425 35 35 40 40 
100000 4972901 6038746 2066457 33 33 37 37 
100000 5104045 6174316 2111945 36 36 40 40 
100000 5026554 6083303 2082946 35 35 40 40 
100000 5366925 6402148 2188062 37 38 44 44 
100000 5121488 6126107 2095823 36 36 39 39 
100000 5018982 5981529 2048285 33 34 38 38 
