10000 285853 3834214 894222 34 5000 
10000 286931 3847379 897553 36 5000 
10000 286847 3844407 897023 32 5000 
10000 285637 3834915 893880 37 5000 
10000 287279 3853066 898221 32 5000 
10000 285603 3830116 893308 37 5000 
10000 287440 3853013 898332 35 5000 
10000 287416 3855404 899044 32 5000 
10000 286550 3849669 897204 39 5000 
10000 287241 3850189 898218 35 5000 
10000 287169 3850205 897788 35 5000 
10000 286181 3837727 894756 34 5000 
10000 285507 3836218 893683 37 5000 
10000 286671 3841185 895835 38 5000 
10000 286268 3834727 894366 37 5000 
10000 284452 3816819 890040 41 5000 
10000 287170 3846828 896968 32 5000 
10000 287473 3855325 898786 34 5000 
10000 285362 3826773 892740 45 5000 
20000 619447 8385559 1945356 39 10000 
20000 618728 8376066 1943841 37 10000 
20000 616071 8347812 1937344 38 10000 
20000 617488 8360882 1939660 40 10000 
20000 617614 8355756 1938900 45 10000 
20000 617380 8360033 1940569 40 10000 
20000 619924 8382901 1944999 37 10000 
20000 615516 8336326 1934207 43 10000 
20000 618386 8366591 1942364 39 10000 
20000 619247 8372156 1943749 39 10000 
20000 620084 8389652 1948453 37 10000 
20000 618711 8371938 1943269 38 10000 
20000 616037 8340182 1935112 41 10000 
20000 615852 8342324 1936031 39 10000 
20000 619042 8384565 1945182 42 10000 
20000 619257 8383144 1945501 43 10000 
20000 619813 8384996 1946593 35 10000 
20000 616673 8353784 1938117 39 10000 
20000 618604 8368431 1943283 41 10000 
30000 968638 13168182 3048729 40 15000 
30000 968080 13162786 3046519 39 15000 
30000 967078 13153751 3044638 42 15000 
30000 966677 13139131 3042320 41 15000 
30000 963094 13112648 3035667 42 15000 
30000 967201 13157496 3044978 43 15000 
30000 969329 13185882 3051780 37 15000 
30000 965743 13138320 3040939 44 15000 
30000 965741 13131140 3040474 39 15000 
30000 966217 13152428 3043832 41 15000 
30000 967034 13156164 3045760 39 15000 
30000 966755 13143324 3043608 39 15000 
30000 964285 13120756 3036458 41 15000 
30000 966359 13146859 3043710 40 15000 
30000 967015 13154582 3044543 39 15000 
30000 968519 13174473 3049195 38 15000 
30000 968870 13173213 3049623 40 15000 
30000 966359 13141823 3042454 44 15000 
30000 969849 13189804 3053106 39 15000 
40000 1325900 18083487 4179311 43 20000 
40000 1325000 18085229 4180107 44 20000 
40000 1322714 18049889 4171602 43 20000 
40000 1327444 18103776 4185558 39 20000 
40000 1325465 18089505 4179768 46 20000 
40000 1325981 18088912 4180858 42 20000 
40000 1328207 18128585 4188880 42 20000 
40000 1328913 18118776 4188121 43 20000 
40000 1323761 18074477 4176573 45 20000 
40000 1325651 18091597 4180996 41 20000 
40000 1320596 18023311 4165025 51 20000 
40000 1322787 18056758 4173089 43 20000 
40000 1323447 18057493 4172890 42 20000 
40000 1328144 18109193 4185775 45 20000 
40000 1326881 18105671 4184398 43 20000 
40000 1324202 18067863 4175560 40 20000 
40000 1325176 18088151 4180348 42 20000 
40000 1324992 18085695 4179700 44 20000 
40000 1325085 18086362 4179161 46 20000 
50000 1690716 23126206 5339130 48 25000 
50000 1691651 23139589 5341141 46 25000 
50000 1691124 23129975 5339290 46 25000 
50000 1689602 23110614 5333762 49 25000 
50000 1689749 23116042 5335576 49 25000 
50000 1694794 23190767 5351743 44 25000 
50000 1688984 23111672 5334535 63 25000 
50000 1690524 23128840 5338703 46 25000 
50000 1693136 23162174 5346788 44 25000 
50000 1699461 23220028 5359624 41 25000 
50000 1689987 23122891 5337246 44 25000 
50000 1695446 23191442 5352945 41 25000 
50000 1692042 23138126 5342168 41 25000 
50000 1693281 23150249 5344761 44 25000 
50000 1692723 23153060 5343581 48 25000 
50000 1693650 23161706 5347491 45 25000 
50000 1694901 23172094 5350092 45 25000 
50000 1692519 23153034 5343490 48 25000 
50000 1691308 23135148 5339367 45 25000 
60000 2069669 28359571 6539022 43 30000 
60000 2063984 28283636 6522298 48 30000 
60000 2062720 28263097 6517732 51 30000 
60000 2068162 28339631 6534505 47 30000 
60000 2068449 28346273 6536229 42 30000 
60000 2067170 28337679 6533573 45 30000 
60000 2064534 28287727 6523717 45 30000 
60000 2066038 28315119 6529813 41 30000 
60000 2067791 28333308 6533692 45 30000 
60000 2067588 28336718 6534084 46 30000 
60000 2066777 28326561 6532287 47 30000 
60000 2067839 28335494 6533509 47 30000 
60000 2068337 28338676 6535868 44 30000 
60000 2062461 28264328 6518042 49 30000 
60000 2067019 28331817 6533041 45 30000 
60000 2065307 28302884 6527384 51 30000 
60000 2070986 28370101 6542303 42 30000 
60000 2069459 28353578 6538321 45 30000 
60000 2067372 28338714 6533740 44 30000 
70000 2445262 33567954 7734331 46 35000 
70000 2444153 33554625 7731122 43 35000 
70000 2446886 33591137 7739165 48 35000 
70000 2446175 33571345 7734788 48 35000 
70000 2445846 33567592 7735000 48 35000 
70000 2446733 33580022 7737870 45 35000 
70000 2443705 33529230 7726213 47 35000 
70000 2443973 33545530 7729264 45 35000 
70000 2445914 33570483 7736308 46 35000 
70000 2448313 33579521 7738906 49 35000 
70000 2444953 33551478 7730638 46 35000 
70000 2441510 33513479 7722491 53 35000 
70000 2452311 33631200 7751169 39 35000 
70000 2446543 33571212 7736723 47 35000 
70000 2446856 33590095 7737995 45 35000 
70000 2445199 33556200 7731475 48 35000 
70000 2446762 33573287 7736440 48 35000 
70000 2447362 33585833 7737936 45 35000 
70000 2444746 33572923 7733412 51 35000 
80000 2824092 38824209 8938070 64 40000 
80000 2827758 38861623 8948254 51 40000 
80000 2828860 38877853 8951422 47 40000 
80000 2833935 38936283 8964937 45 40000 
80000 2827218 38860437 8948432 46 40000 
80000 2830443 38894476 8956402 47 40000 
80000 2827606 38853502 8946901 51 40000 
80000 2823578 38818832 8937651 52 40000 
80000 2825822 38835302 8941879 50 40000 
80000 2830879 38901474 8956698 49 40000 
80000 2831487 38906585 8957638 48 40000 
80000 2827139 38865899 8949352 48 40000 
80000 2830940 38907334 8956247 47 40000 
80000 2831238 38895300 8957976 44 40000 
80000 2830400 38905008 8957956 47 40000 
80000 2833272 38927033 8962736 46 40000 
80000 2832835 38923523 8961832 46 40000 
80000 2830609 38898351 8955281 43 40000 
80000 2830277 38900695 8957041 50 40000 
90000 3216008 44248344 10182260 49 45000 
90000 3216802 44269149 10186277 44 45000 
90000 3209751 44170697 10164719 48 45000 
90000 3219371 44273328 10189828 49 45000 
90000 3215797 44256691 10184373 47 45000 
90000 3215610 44235850 10181200 53 45000 
90000 3215850 44246569 10180851 50 45000 
90000 3213365 44218415 10176942 48 45000 
90000 3213088 44217128 10174910 46 45000 
90000 3216576 44260350 10185477 47 45000 
90000 3217790 44262425 10186549 46 45000 
90000 3217779 44261587 10186031 48 45000 
90000 3212345 44197348 10171321 49 45000 
90000 3212351 44205355 10172173 50 45000 
90000 3215308 44227402 10177950 50 45000 
90000 3219086 44279766 10190570 47 45000 
90000 3216129 44248099 10182077 50 45000 
90000 3220828 44293826 10193539 44 45000 
90000 3220227 44302418 10194348 52 45000 
100000 3605726 49663613 11423551 47 50000 
100000 3602402 49635286 11413622 52 50000 
100000 3606245 49681370 11425070 46 50000 
100000 3605327 49668890 11422450 54 50000 
100000 3609671 49716502 11432980 48 50000 
100000 3612847 49747616 11443387 46 50000 
100000 3604250 49655274 11420636 50 50000 
100000 3605265 49647215 11420541 47 50000 
100000 3609240 49692865 11430196 50 50000 
100000 3610700 49721771 11435739 45 50000 
100000 3607128 49692684 11429156 51 50000 
100000 3611981 49749011 11441333 47 50000 
100000 3609934 49709783 11433361 49 50000 
100000 3607983 49675099 11425708 51 50000 
100000 3604923 49628487 11415491 47 50000 
100000 3600801 49599674 11407654 54 50000 
100000 3604309 49656355 11419773 47 50000 
100000 3604620 49651286 11421329 47 50000 
100000 3613077 49746935 11441565 44 50000 
