10000 400501 6790971 1552194 28 29 42 45 
10000 399944 6782675 1550430 28 29 43 43 
10000 399769 6784538 1549827 28 29 41 43 
10000 401012 6799443 1554067 28 29 45 41 
10000 400389 6791640 1552613 29 29 43 43 
10000 400185 6785586 1551525 28 29 43 43 
10000 400719 6795947 1553163 29 29 44 43 
10000 399744 6781812 1550236 29 29 42 42 
10000 401197 6798558 1554208 29 29 45 44 
10000 400529 6783238 1551324 28 29 43 44 
10000 401163 6799814 1554641 29 29 45 44 
10000 401925 6807537 1555845 28 29 43 43 
10000 400994 6797402 1553909 28 29 43 46 
10000 400346 6790072 1551584 29 29 49 45 
10000 400525 6792067 1552545 28 29 43 45 
10000 401100 6797562 1553838 29 29 45 46 
10000 401706 6804452 1555566 28 29 44 44 
10000 401357 6802746 1555355 28 29 44 45 
10000 400410 6790964 1552714 28 29 41 41 
20000 875659 14904986 3399049 31 32 45 45 
20000 875746 14918528 3402093 32 32 46 47 
20000 873531 14884842 3394832 32 32 49 46 
20000 873409 14889442 3395403 31 32 46 49 
20000 873374 14874102 3392424 32 32 50 48 
20000 874071 14886225 3395526 31 32 47 46 
20000 872765 14879175 3392549 32 32 45 45 
20000 874963 14909270 3399002 31 32 47 48 
20000 875440 14916913 3401321 32 32 47 49 
20000 873859 14895026 3394901 32 32 47 49 
20000 874275 14897075 3396968 31 32 44 46 
20000 875788 14914261 3401367 32 32 51 50 
20000 874197 14893959 3396676 32 32 48 46 
20000 873536 14888722 3395922 32 32 48 48 
20000 873868 14887977 3395304 31 32 46 46 
20000 873419 14875700 3392572 32 32 47 47 
20000 874592 14897352 3396626 32 32 49 48 
20000 873307 14880577 3391704 32 32 47 48 
20000 874984 14901794 3398087 31 32 48 46 
30000 1375629 23494497 5351461 33 34 50 51 
30000 1375687 23490802 5350509 33 34 48 51 
30000 1374697 23479124 5347092 33 34 48 48 
30000 1374964 23480464 5348465 33 34 48 49 
30000 1376287 23492548 5351068 33 34 53 49 
30000 1373950 23470687 5345891 33 34 47 52 
30000 1375563 23489470 5350126 33 34 50 49 
30000 1373616 23474192 5346071 33 34 50 50 
30000 1373475 23462831 5344647 33 34 54 50 
30000 1373230 23459612 5342845 33 34 51 49 
30000 1373611 23475605 5347399 33 34 49 48 
30000 1372948 23459030 5343216 33 34 48 50 
30000 1374380 23485344 5348310 33 34 48 49 
30000 1375581 23501984 5351472 33 34 50 49 
30000 1373905 23465745 5344876 33 34 49 51 
30000 1375138 23494137 5351068 33 34 48 49 
30000 1373801 23474834 5347000 34 34 53 48 
30000 1373144 23468736 5344739 33 34 49 53 
30000 1375629 23493458 5350392 33 34 50 49 
40000 1895638 32435148 7381783 34 35 50 51 
40000 1892089 32373513 7368763 35 35 53 52 
40000 1892265 32387875 7370290 35 35 57 53 
40000 1894559 32410470 7375063 34 35 51 52 
40000 1893490 32392664 7372729 35 35 50 50 
40000 1894096 32405585 7374007 34 35 52 51 
40000 1893815 32403519 7375240 35 35 52 50 
40000 1894221 32385518 7371573 35 35 54 53 
40000 1894206 32424213 7379393 35 35 50 51 
40000 1892609 32383139 7370138 35 35 51 52 
40000 1894573 32415255 7375734 35 35 51 52 
40000 1894421 32421345 7377126 35 35 52 50 
40000 1894604 32413342 7377160 34 35 51 56 
40000 1893588 32387975 7372054 35 35 52 52 
40000 1892637 32384194 7369386 35 35 52 54 
40000 1890686 32350839 7363093 35 35 50 51 
40000 1893513 32391762 7373103 34 35 53 52 
40000 1893578 32395634 7372713 35 35 53 55 
40000 1893417 32410144 7375277 35 35 51 51 
50000 2426005 41575665 9455571 36 36 55 53 
50000 2426114 41558612 9452983 36 36 52 57 
50000 2424680 41542776 9449399 36 36 55 56 
50000 2424171 41542150 9448756 35 36 54 54 
50000 2425560 41558509 9453326 36 36 51 54 
50000 2426595 41559946 9454089 36 36 54 52 
50000 2424336 41553178 9450494 35 36 52 51 
50000 2425740 41559496 9452523 36 36 52 55 
50000 2427548 41586313 9459052 36 36 52 53 
50000 2424040 41547467 9448893 36 36 51 52 
50000 2425164 41553565 9450695 36 36 60 52 
50000 2425904 41570090 9453873 35 36 52 53 
50000 2424768 41554879 9452317 36 36 53 56 
50000 2423650 41521853 9443775 36 36 58 53 
50000 2422127 41506739 9439588 36 36 51 53 
50000 2423901 41537166 9447655 35 36 51 58 
50000 2424914 41547441 9449501 35 36 55 52 
50000 2425245 41545139 9450096 36 36 53 52 
50000 2424274 41537842 9448453 36 36 50 58 
60000 2964384 50844521 11559058 36 37 54 55 
60000 2967117 50884325 11568496 36 37 55 56 
60000 2967499 50896297 11568580 36 37 52 53 
60000 2967653 50906731 11571716 37 37 54 55 
60000 2965724 50854256 11563404 36 37 54 54 
60000 2966905 50875727 11567437 36 37 56 54 
60000 2967221 50896930 11570744 36 37 54 53 
60000 2968903 50936912 11579534 36 37 53 55 
60000 2967101 50889982 11570267 36 37 57 55 
60000 2967623 50885063 11568234 36 37 54 57 
60000 2968792 50906926 11574835 36 37 52 54 
60000 2969302 50928898 11578597 36 37 53 53 
60000 2970334 50943745 11581580 36 37 51 51 
60000 2965314 50871645 11564742 36 37 55 53 
60000 2969760 50932149 11577402 36 37 55 56 
60000 2967109 50880745 11565899 36 37 54 53 
60000 2969683 50925603 11576252 36 37 54 54 
60000 2966060 50856634 11562707 37 37 56 54 
60000 2967188 50885599 11567744 36 37 54 52 
70000 3520063 60404047 13728759 37 38 57 54 
70000 3515870 60353397 13714700 37 38 51 53 
70000 3518621 60386616 13723988 37 38 55 56 
70000 3519353 60423792 13730141 37 38 59 59 
70000 3517027 60373428 13719578 37 38 57 54 
70000 3518391 60372947 13720914 37 38 55 54 
70000 3517912 60379999 13722436 37 38 52 55 
70000 3516407 60369241 13717160 37 38 53 54 
70000 3519265 60389360 13727073 37 38 54 57 
70000 3519334 60414198 13729012 37 38 57 56 
70000 3517836 60368138 13719893 37 38 53 53 
70000 3516701 60372360 13719986 37 38 54 56 
70000 3518246 60401537 13724986 37 38 54 55 
70000 3519452 60398430 13726790 37 38 54 54 
70000 3518912 60395551 13726667 37 38 56 58 
70000 3516587 60355903 13715832 37 38 55 53 
70000 3519168 60397784 13725257 37 38 56 53 
70000 3515905 60364671 13716881 37 38 54 55 
70000 3516435 60352563 13715453 37 38 54 55 
80000 4076933 70007587 15906208 38 38 56 55 
80000 4076203 69998956 15904147 38 38 57 55 
80000 4074185 69990256 15901204 38 38 57 54 
80000 4077591 70037495 15911168 38 38 54 57 
80000 4077047 70021635 15908150 38 38 56 57 
80000 4078829 70058937 15915171 38 38 57 54 
80000 4078607 70065901 15916813 38 38 54 56 
80000 4077263 70020233 15909319 38 38 53 56 
80000 4075158 69993840 15901138 38 38 56 58 
80000 4077471 70053237 15915449 38 38 56 59 
80000 4075327 69989425 15900713 38 38 54 59 
80000 4077998 70042422 15910406 38 38 57 57 
80000 4074683 69984176 15898680 38 38 54 59 
80000 4078209 70037024 15912832 38 38 56 54 
80000 4075297 69989333 15900451 38 38 58 55 
80000 4075366 69990418 15900047 38 38 60 56 
80000 4077545 70033161 15910913 38 38 55 59 
80000 4077372 70028089 15911382 38 38 54 58 
80000 4074713 69987094 15898743 38 38 55 57 
90000 4639045 79748962 18113682 38 39 58 56 
90000 4643818 79783385 18120868 38 39 59 57 
90000 4642136 79780019 18120011 38 39 59 56 
90000 4639276 79734320 18113017 38 39 59 59 
90000 4641953 79792530 18119611 38 39 58 58 
90000 4642827 79781836 18122555 38 39 55 55 
90000 4640774 79768751 18118306 38 39 55 57 
90000 4641672 79763229 18118812 38 39 57 57 
90000 4641930 79758083 18115429 38 39 56 56 
90000 4641979 79773282 18119012 38 39 56 56 
90000 4641026 79776450 18118196 38 39 56 56 
90000 4640057 79741731 18110075 38 39 56 55 
90000 4643274 79794375 18123437 38 39 54 59 
90000 4643653 79805678 18124093 38 39 58 57 
90000 4640567 79775805 18119033 38 39 56 58 
90000 4644061 79786867 18121853 38 39 57 56 
90000 4639599 79759587 18114885 38 39 55 57 
90000 4638610 79727229 18105991 38 39 56 56 
90000 4640645 79750439 18114677 38 39 60 57 
100000 5211843 89620141 20349746 39 39 57 59 
100000 5211393 89613053 20348667 39 39 56 61 
100000 5211916 89620324 20347576 38 39 56 56 
100000 5208015 89571177 20339246 39 39 57 58 
100000 5210726 89601266 20345658 39 39 56 56 
100000 5208912 89579110 20340269 39 39 57 57 
100000 5213196 89659470 20355866 39 39 58 56 
100000 5214312 89642560 20358361 39 39 56 59 
100000 5212646 89614894 20352874 39 39 55 59 
100000 5212634 89617458 20349363 39 39 56 58 
100000 5214621 89632731 20355106 39 39 60 59 
100000 5212829 89620272 20352246 39 39 58 58 
100000 5213218 89649127 20358031 39 39 57 58 
100000 5213560 89651459 20356241 39 39 57 56 
100000 5215659 89651958 20358974 39 39 57 56 
100000 5211878 89618657 20351307 39 39 58 56 
100000 5209329 89590006 20343554 39 39 58 58 
100000 5213952 89637583 20355312 39 39 56 57 
100000 5214763 89649759 20357804 39 39 57 56 
