10000 322082 804569 705541 14 21 
10000 321427 805852 706428 14 21 
10000 321459 806140 706214 14 21 
10000 321423 805167 706478 14 21 
10000 321724 804277 705665 14 21 
10000 321885 804862 705700 14 21 
10000 321716 803884 705351 14 21 
10000 321530 802535 705222 14 21 
10000 321288 806879 706991 14 21 
10000 321653 806039 705962 14 21 
10000 321933 803025 704462 14 21 
10000 321914 804500 705873 14 21 
10000 321507 805938 706539 14 21 
10000 321236 805942 706845 14 21 
10000 321622 805275 705776 13 21 
10000 321732 806333 706091 14 21 
10000 321439 806279 706345 14 21 
10000 322145 804291 705278 14 21 
10000 321330 807076 707421 14 21 
20000 702785 1650011 1511273 15 23 
20000 703144 1650567 1511798 15 23 
20000 703092 1652704 1513122 15 23 
20000 703227 1650964 1512225 15 23 
20000 703613 1650247 1511670 15 23 
20000 703069 1651299 1512138 15 23 
20000 703097 1649760 1511677 15 23 
20000 703239 1651918 1512531 15 23 
20000 702830 1651665 1511970 15 23 
20000 703081 1651588 1511944 15 23 
20000 703016 1650921 1511863 15 23 
20000 703248 1649292 1511178 15 23 
20000 703263 1653021 1512505 15 23 
20000 702779 1649547 1511678 15 23 
20000 703262 1649308 1510594 15 23 
20000 702821 1649459 1511975 15 23 
20000 703244 1651561 1512630 15 23 
20000 703488 1647236 1510170 15 23 
20000 703220 1649882 1511036 15 23 
30000 1106149 2511545 2354072 15 24 
30000 1105516 2508943 2351031 15 24 
30000 1105040 2511595 2352865 15 24 
30000 1105936 2508455 2351430 15 24 
30000 1105367 2507264 2350969 15 24 
30000 1106801 2507120 2352044 16 24 
30000 1105654 2509292 2352628 16 24 
30000 1107234 2509779 2354311 16 24 
30000 1105050 2509759 2352237 15 24 
30000 1106601 2510953 2353108 16 24 
30000 1106527 2507095 2351711 16 24 
30000 1105814 2508819 2352713 16 24 
30000 1105438 2508997 2351306 16 24 
30000 1106181 2511247 2353669 16 24 
30000 1105618 2510308 2352022 15 24 
30000 1105170 2508621 2351691 15 24 
30000 1106239 2510017 2352745 16 24 
30000 1105588 2509276 2350561 15 24 
30000 1106462 2510261 2353466 16 24 
40000 1526260 3380234 3223076 16 25 
40000 1526817 3378698 3221452 16 25 
40000 1526340 3379042 3222135 16 25 
40000 1525621 3385245 3226039 16 25 
40000 1526147 3381152 3223058 16 25 
40000 1526122 3383928 3224309 16 25 
40000 1526738 3380097 3222107 16 25 
40000 1526640 3381655 3223194 16 25 
40000 1526536 3381572 3223491 16 25 
40000 1526544 3381738 3222157 16 25 
40000 1526740 3378689 3221424 16 25 
40000 1525892 3384333 3225265 16 25 
40000 1526577 3377133 3221517 16 25 
40000 1526367 3378406 3222056 16 25 
40000 1526610 3379591 3222400 16 25 
40000 1526247 3380545 3222877 16 25 
40000 1526150 3381763 3223477 16 25 
40000 1526459 3379618 3221949 16 25 
40000 1525836 3385227 3224925 16 25 
50000 1953746 4258876 4104748 16 25 
50000 1954202 4255553 4103891 17 25 
50000 1955454 4251135 4102990 17 25 
50000 1954473 4254784 4104319 16 25 
50000 1955051 4254989 4103140 17 25 
50000 1954386 4253786 4104047 16 25 
50000 1953582 4260733 4106716 16 25 
50000 1954241 4255659 4105111 17 25 
50000 1955407 4258379 4106961 16 25 
50000 1954776 4249949 4100375 16 25 
50000 1955967 4255218 4105846 16 25 
50000 1954421 4256102 4105954 17 25 
50000 1953818 4257257 4105440 17 25 
50000 1953464 4259919 4106689 17 25 
50000 1953833 4251485 4101948 16 25 
50000 1955593 4253276 4104754 17 25 
50000 1957114 4253599 4106539 17 25 
50000 1953611 4257941 4105067 16 25 
50000 1953532 4257759 4104041 16 25 
60000 2391303 5138872 5003328 16 26 
60000 2389496 5138641 5005074 16 26 
60000 2391664 5136850 5004891 16 26 
60000 2393252 5140628 5006413 17 26 
60000 2391393 5142935 5007622 17 26 
60000 2390749 5141174 5005590 16 26 
60000 2390230 5141618 5003304 16 26 
60000 2391492 5137314 5001950 16 26 
60000 2390671 5139800 5003817 16 26 
60000 2391249 5140466 5003947 16 26 
60000 2390614 5141357 5003706 16 26 
60000 2390106 5142017 5003909 16 26 
60000 2391273 5140226 5003282 16 26 
60000 2391072 5137849 5002815 16 26 
60000 2392915 5139954 5005887 17 26 
60000 2390579 5141773 5003510 16 26 
60000 2390108 5141762 5003884 16 26 
60000 2393493 5139141 5005064 17 26 
60000 2392563 5140921 5006726 17 26 
70000 2840301 6021561 5917133 17 26 
70000 2840690 6021530 5919065 17 26 
70000 2839771 6026407 5919681 17 26 
70000 2836550 6026969 5914835 17 26 
70000 2836236 6027928 5915862 18 26 
70000 2835774 6023390 5915321 17 26 
70000 2835751 6026194 5915675 17 26 
70000 2835489 6028103 5917255 17 26 
70000 2836319 6030842 5918810 17 26 
70000 2835836 6028678 5916241 17 26 
70000 2839484 6028191 5920092 17 26 
70000 2835486 6030152 5918209 17 26 
70000 2835725 6027723 5916104 17 26 
70000 2835771 6027901 5916714 17 26 
70000 2836125 6024832 5915157 17 26 
70000 2839904 6030906 5919570 17 26 
70000 2839547 6029734 5921160 17 26 
70000 2838860 6034705 5923627 17 26 
70000 2840085 6026428 5918967 17 26 
80000 3291704 6925278 6847442 17 27 
80000 3292798 6919762 6844039 17 27 
80000 3292531 6923389 6845630 17 27 
80000 3292709 6923323 6845636 17 27 
80000 3291977 6926477 6847155 17 27 
80000 3293160 6917274 6843555 17 27 
80000 3293298 6920000 6843901 17 27 
80000 3292934 6916305 6842882 17 27 
80000 3292232 6927002 6849075 17 27 
80000 3293654 6919534 6844486 18 27 
80000 3292269 6920696 6846127 17 27 
80000 3292890 6919822 6843744 17 27 
80000 3292957 6922980 6847522 17 27 
80000 3291900 6923164 6847883 17 27 
80000 3292746 6916020 6843164 17 27 
80000 3293245 6913366 6842324 18 27 
80000 3292216 6923683 6847197 17 27 
80000 3293987 6921763 6846109 18 27 
80000 3294244 6918052 6843017 17 27 
90000 3750683 7814509 7775360 17 27 
90000 3749770 7814823 7772906 17 27 
90000 3749157 7812300 7773474 17 27 
90000 3749442 7814332 7775073 17 27 
90000 3749521 7813957 7773602 17 27 
90000 3749842 7814339 7773940 17 27 
90000 3749205 7811921 7774655 17 27 
90000 3749062 7816419 7776766 17 27 
90000 3748763 7820807 7777449 17 27 
90000 3750112 7824498 7779199 17 27 
90000 3749876 7820370 7778913 17 27 
90000 3750320 7817208 7776094 18 27 
90000 3749019 7812907 7774376 17 27 
90000 3748352 7817086 7777106 17 27 
90000 3748517 7815019 7775164 17 27 
90000 3749058 7814312 7774692 17 27 
90000 3750479 7813803 7774743 17 27 
90000 3748931 7815448 7775316 17 27 
90000 3748976 7814427 7774801 17 27 
100000 4209638 8702943 8704033 18 27 
100000 4208444 8713758 8708801 18 27 
100000 4208613 8710041 8707083 17 27 
100000 4209475 8708992 8709357 18 27 
100000 4210165 8709706 8708087 17 27 
100000 4207247 8712961 8709853 18 27 
100000 4209902 8711201 8708020 17 27 
100000 4208730 8710726 8706815 17 27 
100000 4207053 8711103 8707071 18 27 
100000 4207708 8715319 8709794 18 27 
100000 4210189 8714780 8710292 18 27 
100000 4211772 8711093 8711632 18 27 
100000 4212350 8707552 8710850 18 27 
100000 4207575 8710567 8706794 18 27 
100000 4206801 8713082 8708694 18 27 
100000 4209112 8708603 8707039 17 27 
100000 4207680 8711525 8707885 17 27 
100000 4208464 8710264 8705497 17 27 
100000 4209419 8710045 8707234 18 27 
