10000 229717 524581 506359 14 14 
10000 230439 529727 508404 14 14 
10000 231361 521351 505311 14 14 
10000 231975 524666 508671 14 14 
10000 230526 526777 507348 14 14 
10000 230703 528569 507974 14 14 
10000 230473 526036 507831 14 14 
10000 231314 522112 507016 14 14 
10000 230295 526365 507578 15 14 
10000 229801 524631 505723 14 14 
10000 230758 524710 507242 14 14 
10000 230390 526157 507153 14 14 
10000 231210 528385 508294 14 14 
10000 231803 526361 509199 15 14 
10000 231154 527475 508502 14 14 
10000 230869 526934 508631 15 14 
10000 230189 525399 506728 14 14 
10000 231835 527737 509061 15 14 
10000 231030 525598 507462 14 14 
20000 503305 1067285 1075543 16 15 
20000 503436 1073281 1078026 16 15 
20000 500923 1072225 1075114 15 15 
20000 500710 1070675 1074471 15 15 
20000 504437 1073637 1080501 16 16 
20000 501384 1067436 1073065 15 15 
20000 501276 1070545 1075672 15 15 
20000 501139 1065171 1071114 15 15 
20000 502306 1073337 1076244 15 15 
20000 500711 1069563 1073572 15 15 
20000 503556 1070863 1077472 16 15 
20000 502174 1069145 1075979 16 15 
20000 501698 1077947 1077001 15 15 
20000 502611 1068532 1075561 16 15 
20000 502130 1070655 1076352 16 15 
20000 504706 1072360 1078874 16 16 
20000 501565 1071534 1075185 16 15 
20000 501673 1075151 1075905 16 15 
20000 502192 1070670 1075750 16 16 
30000 788014 1628745 1666623 16 16 
30000 791307 1630588 1672392 17 16 
30000 790857 1627654 1671380 16 16 
30000 789345 1634185 1670655 16 16 
30000 787865 1630798 1667406 16 16 
30000 791599 1631619 1674937 17 16 
30000 788529 1627812 1668725 16 16 
30000 788972 1626341 1667858 16 16 
30000 788624 1624238 1666211 16 16 
30000 788649 1630808 1669861 16 16 
30000 789530 1624367 1667470 16 16 
30000 787541 1624867 1664964 16 16 
30000 787434 1630532 1667997 16 16 
30000 790749 1620039 1667203 16 16 
30000 786929 1627091 1663965 16 16 
30000 788022 1628963 1667765 16 16 
30000 788949 1623276 1667779 16 16 
30000 786902 1624381 1662839 16 16 
30000 792346 1623587 1670401 17 16 
40000 1085760 2185059 2274533 17 17 
40000 1089559 2184269 2277965 17 17 
40000 1085561 2183590 2273600 17 16 
40000 1087596 2185752 2276950 17 16 
40000 1088864 2184610 2277879 17 16 
40000 1090033 2188054 2281073 17 17 
40000 1085758 2184084 2275381 17 16 
40000 1085251 2189747 2274244 17 16 
40000 1086202 2189190 2278053 17 17 
40000 1084063 2179283 2270293 17 16 
40000 1086393 2184281 2275830 17 16 
40000 1084361 2186572 2274016 17 17 
40000 1087285 2192238 2279344 17 17 
40000 1086806 2178215 2276625 17 17 
40000 1082216 2181789 2268714 17 16 
40000 1088890 2183058 2276078 17 17 
40000 1086513 2190397 2276152 17 17 
40000 1082460 2181496 2269977 17 16 
40000 1085662 2187963 2273716 17 16 
50000 1387584 2738462 2885085 17 17 
50000 1389642 2739913 2887490 17 17 
50000 1387240 2752366 2889990 17 17 
50000 1388037 2741184 2885958 17 17 
50000 1388077 2753233 2890322 17 17 
50000 1389871 2746492 2891767 17 17 
50000 1393410 2753298 2899102 17 17 
50000 1394711 2755693 2899232 17 17 
50000 1393612 2747120 2897222 17 17 
50000 1388232 2751437 2891463 17 17 
50000 1388986 2749202 2892287 17 17 
50000 1392990 2752820 2897229 17 17 
50000 1386226 2750448 2890902 17 17 
50000 1387184 2748208 2888176 17 17 
50000 1393872 2747379 2896909 17 17 
50000 1386973 2755498 2891256 17 17 
50000 1387781 2746224 2888779 17 17 
50000 1390799 2746868 2892505 17 17 
50000 1391239 2743555 2894448 17 17 
60000 1694628 3302399 3510150 17 17 
60000 1704272 3316292 3522902 18 17 
60000 1697836 3308943 3513709 17 17 
60000 1710045 3320047 3537364 18 17 
60000 1697833 3304192 3511961 17 17 
60000 1704152 3314367 3522517 18 17 
60000 1697308 3307496 3512370 18 17 
60000 1701486 3315719 3521821 17 17 
60000 1699279 3312377 3518999 18 17 
60000 1700406 3316802 3520109 18 17 
60000 1696436 3310768 3512866 17 17 
60000 1703117 3310950 3521350 17 17 
60000 1699395 3318378 3520117 17 17 
60000 1700518 3310681 3518995 18 17 
60000 1700272 3312703 3518772 17 17 
60000 1697529 3315725 3517299 17 17 
60000 1698135 3315874 3517197 17 17 
60000 1697822 3308616 3513383 18 17 
60000 1702061 3308811 3520923 18 17 
70000 2015689 3883821 4153792 18 18 
70000 2013974 3873875 4147116 18 18 
70000 2014060 3883476 4152312 18 17 
70000 2027484 3889492 4172198 18 18 
70000 2017248 3880185 4155057 18 18 
70000 2015908 3872404 4151844 18 17 
70000 2011523 3876203 4145676 18 17 
70000 2013805 3875185 4149211 18 17 
70000 2017853 3883731 4157656 18 18 
70000 2011579 3881301 4148298 18 17 
70000 2012202 3874514 4144682 18 17 
70000 2018845 3874324 4155798 18 17 
70000 2016313 3888402 4155957 18 18 
70000 2014744 3883825 4152508 18 17 
70000 2016868 3875118 4152492 18 18 
70000 2015595 3883420 4153316 18 18 
70000 2012587 3871502 4145491 18 17 
70000 2022817 3885790 4165570 18 18 
70000 2012371 3877739 4149089 18 18 
80000 2329902 4449451 4789565 18 18 
80000 2333339 4444611 4788280 18 18 
80000 2334381 4449908 4789208 18 18 
80000 2339136 4454861 4799363 18 18 
80000 2342159 4455482 4804707 18 18 
80000 2344825 4463355 4810710 19 18 
80000 2338642 4452852 4799342 18 18 
80000 2334956 4454757 4794282 18 18 
80000 2341321 4439781 4796721 18 18 
80000 2331800 4443432 4787899 18 17 
80000 2340558 4454829 4801024 18 18 
80000 2335741 4461501 4798579 18 18 
80000 2329014 4438937 4781183 18 17 
80000 2340592 4471270 4807524 18 18 
80000 2333821 4462663 4796555 18 18 
80000 2336240 4452804 4795308 18 18 
80000 2331413 4451340 4789742 18 18 
80000 2340825 4459109 4806472 18 18 
80000 2338635 4454290 4798347 18 18 
90000 2659444 5023660 5440815 18 18 
90000 2654217 5019740 5433320 18 18 
90000 2658977 5024756 5440614 18 18 
90000 2654215 5018876 5433105 18 18 
90000 2654342 5011257 5428558 18 18 
90000 2650950 5022876 5431167 18 18 
90000 2650126 5016047 5425153 18 18 
90000 2663196 5029305 5448209 18 18 
90000 2652642 5025902 5433356 18 18 
90000 2649391 5010329 5424313 18 18 
90000 2660168 5023806 5442582 18 18 
90000 2659836 5031663 5446912 18 18 
90000 2655077 5017861 5432515 18 18 
90000 2655054 5022122 5434659 18 18 
90000 2671279 5037378 5463673 19 18 
90000 2658754 5024693 5440907 18 18 
90000 2652371 5015926 5429114 18 18 
90000 2650292 5017493 5429025 18 18 
90000 2655551 5015955 5431092 18 18 
100000 2986432 5604235 6097732 19 18 
100000 2977986 5590512 6079127 18 18 
100000 2985154 5598505 6090536 18 18 
100000 2976687 5601444 6082637 18 18 
100000 2986497 5616559 6102579 19 18 
100000 2990599 5599642 6099937 19 18 
100000 2979899 5595964 6084668 18 18 
100000 2985494 5594670 6091449 18 18 
100000 2983716 5604314 6093123 19 18 
100000 2983068 5600698 6090846 19 18 
100000 2996262 5601642 6107835 19 18 
100000 2978072 5588699 6079168 18 18 
100000 2988043 5602961 6094088 19 18 
100000 2983088 5610821 6095528 18 18 
100000 2981145 5601016 6090183 18 18 
100000 2981521 5595066 6088397 18 18 
100000 2992222 5604516 6104106 19 18 
100000 2992292 5610803 6104847 19 18 
100000 2983943 5595122 6089162 18 18 
