1000 15199 2434 11181 4373 
2000 34914 5258 25426 11479 
3000 54844 8335 41627 16582 
4000 77949 11493 57030 21836 
5000 95072 14647 73719 28397 
6000 113053 18214 88037 34610 
7000 145061 21068 106630 39711 
8000 161734 24992 127089 43261 
9000 186998 28437 142935 49484 
10000 215462 31615 158845 61120 
11000 239294 35472 170112 62869 
12000 261921 38414 207101 73923 
13000 283537 42641 206198 81369 
14000 314168 45723 233815 87533 
15000 324921 49842 239035 89898 
16000 349686 53332 276694 92585 
17000 352149 58056 291061 109579 
18000 404422 60301 310150 105319 
19000 425938 64087 330773 120958 
20000 440502 68840 355020 120831 
21000 471498 72716 362019 128558 
22000 514185 75789 395467 146519 
23000 522435 79611 394270 143104 
24000 566115 82913 433292 144082 
25000 571208 87585 444089 170921 
26000 619435 90142 454015 167620 
27000 628842 95051 499123 173465 
28000 639499 99292 488251 184352 
29000 665021 102998 525668 179331 
30000 695351 106526 545453 192286 
31000 760537 109899 561273 203395 
32000 793027 113660 580724 204332 
33000 792611 118590 597486 212938 
34000 828297 120380 622994 221670 
35000 843706 124856 652188 221060 
36000 851783 130188 648768 245524 
37000 858540 133887 710202 261143 
38000 900539 137652 743466 257252 
39000 932357 141909 701264 257800 
40000 978980 145678 768614 265010 
41000 986430 149460 793207 272962 
42000 970905 155464 824349 275583 
43000 1052446 155627 815918 291130 
44000 1020627 162510 833640 288495 
45000 1123844 163047 854025 300982 
46000 1158473 168109 868087 300805 
47000 1131029 174326 950102 335544 
48000 1217770 176712 910408 331132 
49000 1202873 182258 1013718 340400 
50000 1216412 186477 1031432 410347 
