10000 75029824 100034648 25034815 4999 5000 9999 10000 
10000 74852642 99680284 24857631 4999 5000 9999 10000 
10000 75033917 100042834 25038904 4999 5000 9999 10000 
10000 74965932 99906864 24970922 4999 5000 9999 10000 
10000 74987444 99949888 24992434 4999 5000 9999 10000 
10000 75046243 100067486 25051228 4999 5000 9999 10000 
10000 75136607 100248214 25141597 4999 5000 9999 10000 
10000 75346717 100668434 25351702 4999 5000 9999 10000 
10000 74830087 99635174 24835080 4999 5000 9999 10000 
10000 75110018 100195036 25115010 4999 5000 9999 10000 
10000 75012258 99999516 25017243 4999 5000 9999 10000 
10000 74940124 99855248 24945113 4999 5000 9999 10000 
10000 74989578 99954156 24994569 4999 5000 9999 10000 
10000 74836716 99648432 24841708 4999 5000 9999 10000 
10000 74933891 99842782 24938883 4999 5000 9999 10000 
10000 75172976 100320952 25177962 4999 5000 9999 10000 
10000 74957865 99890730 24962859 4999 5000 9999 10000 
10000 74637761 99250522 24642755 4999 5000 9999 10000 
10000 74996021 99967042 25001013 4999 5000 9999 10000 
20000 300168512 400287024 100178499 9999 10000 19999 20000 
20000 299499020 398948040 99509008 9999 10000 19999 20000 
20000 300041259 400032518 100051250 9999 10000 19999 20000 
20000 300288447 400526894 100298439 9999 10000 19999 20000 
20000 300042886 400035772 100052870 9999 10000 19999 20000 
20000 299985994 399921988 99995986 9999 10000 19999 20000 
20000 300862957 401675914 100872947 9999 10000 19999 20000 
20000 300383992 400717984 100393984 9999 10000 19999 20000 
20000 299555711 399061422 99565704 9999 10000 19999 20000 
20000 299881314 399712628 99891300 9999 10000 19999 20000 
20000 300089235 400128470 100099227 9999 10000 19999 20000 
20000 300661269 401272538 100671257 9999 10000 19999 20000 
20000 299899990 399749980 99909982 9999 10000 19999 20000 
20000 300518934 400987868 100528920 9999 10000 19999 20000 
20000 299730329 399410658 99740321 9999 10000 19999 20000 
20000 299897872 399745744 99907864 9999 10000 19999 20000 
20000 299298689 398547378 99308679 9999 10000 19999 20000 
20000 300240830 400431660 100250822 9999 10000 19999 20000 
20000 299991402 399932804 100001392 9999 10000 19999 20000 
30000 676261701 902448402 226276692 14999 15000 29999 30000 
30000 676173238 902271476 226188229 14999 15000 29999 30000 
30000 674412734 898750468 224427725 14999 15000 29999 30000 
30000 675500884 900926768 225515875 14999 15000 29999 30000 
30000 677050850 904026700 227065841 14999 15000 29999 30000 
30000 674885269 899695538 224900258 14999 15000 29999 30000 
30000 675099748 900124496 225114736 14999 15000 29999 30000 
30000 674315090 898555180 224330083 14999 15000 29999 30000 
30000 673831316 897587632 223846306 14999 15000 29999 30000 
30000 675448429 900821858 225463416 14999 15000 29999 30000 
30000 673740795 897406590 223755789 14999 15000 29999 30000 
30000 674901274 899727548 224916266 14999 15000 29999 30000 
30000 675122909 900170818 225137900 14999 15000 29999 30000 
30000 675601495 901127990 225616487 14999 15000 29999 30000 
30000 675337179 900599358 225352167 14999 15000 29999 30000 
30000 674873599 899672198 224888586 14999 15000 29999 30000 
30000 674921003 899767006 224935998 14999 15000 29999 30000 
30000 673852777 897630554 223867767 14999 15000 29999 30000 
30000 675815509 901556018 225830498 14999 15000 29999 30000 
40000 1199743183 1599386366 399763171 19999 20000 39999 40000 
40000 1199732477 1599364954 399752461 19999 20000 39999 40000 
40000 1201145871 1602191742 401165864 19999 20000 39999 40000 
40000 1200212927 1600325854 400232915 19999 20000 39999 40000 
40000 1202546786 1604993572 402566776 19999 20000 39999 40000 
40000 1198931151 1597762302 398951142 19999 20000 39999 40000 
40000 1201327978 1602555956 401347964 19999 20000 39999 40000 
40000 1198332522 1596565044 398352513 19999 20000 39999 40000 
40000 1197289079 1594478158 397309066 19999 20000 39999 40000 
40000 1197987471 1595874942 398007464 19999 20000 39999 40000 
40000 1200961098 1601822196 400981088 19999 20000 39999 40000 
40000 1201440890 1602781780 401460882 19999 20000 39999 40000 
40000 1200149189 1600198378 400169179 19999 20000 39999 40000 
40000 1200459195 1600818390 400479182 19999 20000 39999 40000 
40000 1200193027 1600286054 400213018 19999 20000 39999 40000 
40000 1202417007 1604734014 402436992 19999 20000 39999 40000 
40000 1200932636 1601765272 400952627 19999 20000 39999 40000 
40000 1197368449 1594636898 397388441 19999 20000 39999 40000 
40000 1200651339 1601202678 400671323 19999 20000 39999 40000 
50000 1874246510 2498368020 624271501 24999 25000 49999 50000 
50000 1873147878 2496170756 623172869 24999 25000 49999 50000 
50000 1874266041 2498407082 624291032 24999 25000 49999 50000 
50000 1873922574 2497720148 623947559 24999 25000 49999 50000 
50000 1875072045 2500019090 625097039 24999 25000 49999 50000 
50000 1875255379 2500385758 625280371 24999 25000 49999 50000 
50000 1872369735 2494614470 622394720 24999 25000 49999 50000 
50000 1873443320 2496761640 623468309 24999 25000 49999 50000 
50000 1876717804 2503310608 626742795 24999 25000 49999 50000 
50000 1873712330 2497299660 623737318 24999 25000 49999 50000 
50000 1877630041 2505135082 627655024 24999 25000 49999 50000 
50000 1872636018 2495147036 622661005 24999 25000 49999 50000 
50000 1873837994 2497550988 623862980 24999 25000 49999 50000 
50000 1875555033 2500985066 625580022 24999 25000 49999 50000 
50000 1875444345 2500763690 625469333 24999 25000 49999 50000 
50000 1870722694 2491320388 620747683 24999 25000 49999 50000 
50000 1876293773 2502462546 626318765 24999 25000 49999 50000 
50000 1872882084 2495639168 622907075 24999 25000 49999 50000 
50000 1875613718 2501102436 625638708 24999 25000 49999 50000 
60000 2699947158 3599744316 899977148 29999 30000 59999 60000 
60000 2698924641 3597699282 898954630 29999 30000 59999 60000 
60000 2702480123 3604810246 902510111 29999 30000 59999 60000 
60000 2703816670 3607483340 903846659 29999 30000 59999 60000 
60000 2700458789 3600767578 900488776 29999 30000 59999 60000 
60000 2698075984 3596001968 898105973 29999 30000 59999 60000 
60000 2700513844 3600877688 900543836 29999 30000 59999 60000 
60000 2697486205 3594822410 897516192 29999 30000 59999 60000 
60000 2702821123 3605492246 902851111 29999 30000 59999 60000 
60000 2699721191 3599292382 899751181 29999 30000 59999 60000 
60000 2699406352 3598662704 899436340 29999 30000 59999 60000 
60000 2700226008 3600302016 900255996 29999 30000 59999 60000 
60000 2696664093 3593178186 896694083 29999 30000 59999 60000 
60000 2704408163 3608666326 904438154 29999 30000 59999 60000 
60000 2697823606 3595497212 897853592 29999 30000 59999 60000 
60000 2704917169 3609684338 904947159 29999 30000 59999 60000 
60000 2703250903 3606351806 903280889 29999 30000 59999 60000 
60000 2699998488 3599846976 900028481 29999 30000 59999 60000 
60000 2700790601 3601431202 900820591 29999 30000 59999 60000 
70000 3671744045 4893313090 1221779035 34999 35000 69999 70000 
70000 3677544709 4904914418 1227579697 34999 35000 69999 70000 
70000 3679279412 4908383824 1229314402 34999 35000 69999 70000 
70000 3678991747 4907808494 1229026738 34999 35000 69999 70000 
70000 3672578360 4894981720 1222613354 34999 35000 69999 70000 
70000 3678728245 4907281490 1228763234 34999 35000 69999 70000 
70000 3676775822 4903376644 1226810808 34999 35000 69999 70000 
70000 3667072662 4883970324 1217107652 34999 35000 69999 70000 
70000 3677817662 4905460324 1227852648 34999 35000 69999 70000 
70000 3679281844 4908388688 1229316829 34999 35000 69999 70000 
70000 3675000104 4899825208 1225035100 34999 35000 69999 70000 
70000 3679388766 4908602532 1229423761 34999 35000 69999 70000 
70000 3679306976 4908438952 1229341968 34999 35000 69999 70000 
70000 3673806796 4897438592 1223841785 34999 35000 69999 70000 
70000 3676020392 4901865784 1226055379 34999 35000 69999 70000 
70000 3672609884 4895044768 1222644875 34999 35000 69999 70000 
70000 3674611389 4899047778 1224646379 34999 35000 69999 70000 
70000 3673996803 4897818606 1224031796 34999 35000 69999 70000 
70000 3678445350 4906715700 1228480343 34999 35000 69999 70000 
80000 4793577786 6386955572 1593617768 39999 40000 79999 80000 
80000 4800913024 6401626048 1600953008 39999 40000 79999 80000 
80000 4801884942 6403569884 1601924929 39999 40000 79999 80000 
80000 4801038345 6401876690 1601078337 39999 40000 79999 80000 
80000 4800791707 6401383414 1600831695 39999 40000 79999 80000 
80000 4796458515 6392717030 1596498504 39999 40000 79999 80000 
80000 4802672053 6405144106 1602712043 39999 40000 79999 80000 
80000 4797124228 6394048456 1597164211 39999 40000 79999 80000 
80000 4800267923 6400335846 1600307909 39999 40000 79999 80000 
80000 4802088928 6403977856 1602128918 39999 40000 79999 80000 
80000 4802245047 6404290094 1602285034 39999 40000 79999 80000 
80000 4798093155 6395986310 1598133147 39999 40000 79999 80000 
80000 4800672302 6401144604 1600712294 39999 40000 79999 80000 
80000 4800630029 6401060058 1600670021 39999 40000 79999 80000 
80000 4800972444 6401744888 1601012434 39999 40000 79999 80000 
80000 4804555363 6408910726 1604595350 39999 40000 79999 80000 
80000 4801287730 6402375460 1601327722 39999 40000 79999 80000 
80000 4798071344 6395942688 1598111330 39999 40000 79999 80000 
80000 4798560697 6396921394 1598600687 39999 40000 79999 80000 
90000 6082763950 8115302900 2032808939 44999 45000 89999 90000 
90000 6082621916 8115018832 2032666906 44999 45000 89999 90000 
90000 6075931190 8101637380 2025976181 44999 45000 89999 90000 
90000 6074016448 8097807896 2024061439 44999 45000 89999 90000 
90000 6071274741 8092324482 2021319734 44999 45000 89999 90000 
90000 6077995290 8105765580 2028040278 44999 45000 89999 90000 
90000 6071833414 8093441828 2021878404 44999 45000 89999 90000 
90000 6077773545 8105322090 2027818535 44999 45000 89999 90000 
90000 6077329990 8104434980 2027374977 44999 45000 89999 90000 
90000 6083475009 8116725018 2033519997 44999 45000 89999 90000 
90000 6076240731 8102256462 2026285720 44999 45000 89999 90000 
90000 6070056019 8089887038 2020101002 44999 45000 89999 90000 
90000 6072064247 8093903494 2022109232 44999 45000 89999 90000 
90000 6072908269 8095591538 2022953255 44999 45000 89999 90000 
90000 6075757804 8101290608 2025802795 44999 45000 89999 90000 
90000 6078184513 8106144026 2028229499 44999 45000 89999 90000 
90000 6071404337 8092583674 2021449328 44999 45000 89999 90000 
90000 6077382579 8104540158 2027427572 44999 45000 89999 90000 
90000 6079090463 8107955926 2029135455 44999 45000 89999 90000 
100000 7487995478 9975740956 2488045470 49999 50000 99999 100000 
100000 7503854660 10007459320 2503904647 49999 50000 99999 100000 
100000 7500423112 10000596224 2500473098 49999 50000 99999 100000 
100000 7499754530 9999259060 2499804518 49999 50000 99999 100000 
100000 7490408961 9980567922 2490458952 49999 50000 99999 100000 
100000 7503017810 10005785620 2503067798 49999 50000 99999 100000 
100000 7501764785 10003279570 2501814769 49999 50000 99999 100000 
100000 7502481432 10004712864 2502531422 49999 50000 99999 100000 
100000 7499054507 9997859014 2499104495 49999 50000 99999 100000 
100000 7512042786 10023835572 2512092775 49999 50000 99999 100000 
100000 7506250976 10012251952 2506300962 49999 50000 99999 100000 
100000 7503977368 10007704736 2504027356 49999 50000 99999 100000 
100000 7492339601 9984429202 2492389590 49999 50000 99999 100000 
100000 7493717775 9987185550 2493767766 49999 50000 99999 100000 
100000 7498025308 9995800616 2498075300 49999 50000 99999 100000 
100000 7497168149 9994086298 2497218138 49999 50000 99999 100000 
100000 7499566743 9998883486 2499616730 49999 50000 99999 100000 
100000 7503409873 10006569746 2503459857 49999 50000 99999 100000 
100000 7493033811 9985817622 2493083800 49999 50000 99999 100000 
