10000 74989212 99953424 24994206 
10000 74770098 99515196 24775088 
10000 74982634 99940268 24987625 
10000 74889745 99754490 24894737 
10000 75102279 100179558 25107267 
10000 74999700 99974400 25004690 
10000 74920955 99816910 24925947 
10000 75137714 100250428 25142705 
10000 75107590 100190180 25112581 
10000 74909417 99793834 24914407 
10000 74786326 99547652 24791320 
10000 75176956 100328912 25181945 
10000 75036952 100048904 25041939 
10000 74798011 99571022 24803002 
10000 74732332 99439664 24737320 
10000 74905757 99786514 24910748 
10000 75185340 100345680 25190327 
10000 75035978 100046956 25040973 
10000 74831195 99637390 24836187 
20000 299591113 399132226 99601100 
20000 300285681 400521362 100295674 
20000 300050253 400050506 100060238 
20000 300382380 400714760 100392370 
20000 299953031 399856062 99963025 
20000 299769109 399488218 99779097 
20000 300172706 400295412 100182693 
20000 299502829 398955658 99512819 
20000 300711443 401372886 100721434 
20000 300039958 400029916 100049947 
20000 300667436 401284872 100677427 
20000 300009971 399969942 100019961 
20000 299793597 399537194 99803581 
20000 300157767 400265534 100167759 
20000 299967887 399885774 99977881 
20000 300595014 401140028 100605004 
20000 299491870 398933740 99501858 
20000 299906259 399762518 99916253 
20000 300647034 401244068 100657023 
30000 676035011 901995022 226049999 
30000 675212692 900350384 225227679 
30000 675749330 901423660 225764316 
30000 675445240 900815480 225460228 
30000 675609685 901144370 225624674 
30000 675038919 900002838 225053906 
30000 673894987 897714974 223909978 
30000 676735250 903395500 226750241 
30000 674572570 899070140 224587560 
30000 675531395 900987790 225546380 
30000 675372910 900670820 225387901 
30000 674389949 898704898 224404936 
30000 674873955 899672910 224888950 
30000 675632266 901189532 225647258 
30000 674937573 899800146 224952558 
30000 675043419 900011838 225058399 
30000 673333125 896591250 223348111 
30000 673193539 896312078 223208525 
30000 674959130 899843260 224974121 
40000 1199669555 1599239110 399689543 
40000 1199181317 1598262634 399201308 
40000 1200350689 1600601378 400370676 
40000 1200049523 1599999046 400069514 
40000 1199281396 1598462792 399301387 
40000 1198665121 1597230242 398685112 
40000 1199961550 1599823100 399981533 
40000 1200223050 1600346100 400243041 
40000 1201690638 1603281276 401710621 
40000 1199420372 1598740744 399440362 
40000 1199744556 1599389112 399764545 
40000 1200821022 1601542044 400841012 
40000 1199362485 1598624970 399382469 
40000 1201029009 1601958018 401049001 
40000 1198964363 1597828726 398984351 
40000 1202337540 1604575080 402357527 
40000 1202222353 1604344706 402242344 
40000 1199977171 1599854342 399997158 
40000 1199836434 1599572868 399856428 
50000 1879108983 2508092966 629133978 
50000 1873953054 2497781108 623978044 
50000 1877998409 2505871818 628023398 
50000 1871902660 2493680320 621927647 
50000 1880183153 2510241306 630208142 
50000 1873237212 2496349424 623262205 
50000 1874276860 2498428720 624301846 
50000 1876091832 2502058664 626116822 
50000 1873901515 2497678030 623926508 
50000 1874394187 2498663374 624419175 
50000 1873106335 2496087670 623131326 
50000 1875313188 2500501376 625338181 
50000 1874272594 2498420188 624297582 
50000 1875894542 2501664084 625919530 
50000 1873582291 2497039582 623607281 
50000 1873565955 2497006910 623590949 
50000 1873262793 2496400586 623287784 
50000 1874389159 2498653318 624414146 
50000 1874591941 2499058882 624616930 
60000 2700807647 3601465294 900837637 
60000 2702458077 3604766154 902488067 
60000 2699738109 3599326218 899768102 
60000 2700562071 3600974142 900592057 
60000 2704651575 3609153150 904681561 
60000 2695138594 3590127188 895168587 
60000 2696780681 3593411362 896810665 
60000 2703542364 3606934728 903572356 
60000 2700183747 3600217494 900213732 
60000 2701223849 3602297698 901253839 
60000 2695975013 3591800026 896005003 
60000 2701735520 3603321040 901765509 
60000 2699578726 3599007452 899608716 
60000 2700915845 3601681690 900945840 
60000 2703636163 3607122326 903666151 
60000 2692771916 3585393832 892801906 
60000 2702692610 3605235220 902722599 
60000 2703721468 3607292936 903751460 
60000 2698834350 3597518700 898864341 
70000 3674654136 4899133272 1224689127 
70000 3676927820 4903680640 1226962800 
70000 3675272559 4900370118 1225307546 
70000 3671779615 4893384230 1221814605 
70000 3673767823 4897360646 1223802811 
70000 3677216917 4904258834 1227251903 
70000 3677933241 4905691482 1227968231 
70000 3675949280 4901723560 1225984273 
70000 3672383081 4894591162 1222418070 
70000 3668961812 4887748624 1218996804 
70000 3669144274 4888113548 1219179262 
70000 3675805640 4901436280 1225840630 
70000 3672253581 4894332162 1222288571 
70000 3676431921 4902688842 1226466906 
70000 3679538593 4908902186 1229573583 
70000 3673800023 4897425046 1223835013 
70000 3672454090 4894733180 1222489079 
70000 3676263962 4902352924 1226298950 
70000 3678133637 4906092274 1228168627 
80000 4795251540 6390303080 1595291529 
80000 4800104889 6400009778 1600144873 
80000 4794900856 6389601712 1594940845 
80000 4792685309 6385170618 1592725297 
80000 4791501525 6382803050 1591541515 
80000 4811219629 6422239258 1611259619 
80000 4797124393 6394048786 1597164385 
80000 4798838844 6397477688 1598878831 
80000 4801711215 6403222430 1601751206 
80000 4800885254 6401570508 1600925243 
80000 4799623742 6399047484 1599663730 
80000 4800792401 6401384802 1600832391 
80000 4803212027 6406224054 1603252017 
80000 4801277068 6402354136 1601317056 
80000 4798840114 6397480228 1598880103 
80000 4796976297 6393752594 1597016283 
80000 4795233588 6390267176 1595273577 
80000 4805054147 6409908294 1605094137 
80000 4794238252 6388276504 1594278245 
90000 6076473799 8102722598 2026518786 
90000 6071016098 8091807196 2021061084 
90000 6074726765 8099228530 2024771744 
90000 6077253483 8104281966 2027298474 
90000 6070069710 8089914420 2020114699 
90000 6080273716 8110322432 2030318709 
90000 6075680960 8101136920 2025725948 
90000 6075361627 8100498254 2025406611 
90000 6073210979 8096196958 2023255967 
90000 6072679848 8095134696 2022724838 
90000 6073424713 8096624426 2023469706 
90000 6079671733 8109118466 2029716720 
90000 6077834218 8105443436 2027879205 
90000 6081814175 8113403350 2031859158 
90000 6074566480 8098907960 2024611470 
90000 6081815235 8113405470 2031860225 
90000 6076773620 8103322240 2026818610 
90000 6069640255 8089055510 2019685241 
90000 6076676870 8103128740 2026721863 
100000 7497402177 9994554354 2497452163 
100000 7500155513 10000061026 2500205499 
100000 7494694595 9989139190 2494744582 
100000 7499065439 9997880878 2499115431 
100000 7507071916 10013893832 2507121908 
100000 7492934568 9985619136 2492984560 
100000 7495284565 9990319130 2495334553 
100000 7500744861 10001239722 2500794848 
100000 7496251131 9992252262 2496301123 
100000 7491394776 9982539552 2491444764 
100000 7496118695 9991987390 2496168676 
100000 7494392386 9988534772 2494442376 
100000 7489457234 9978664468 2489507223 
100000 7501847028 10003444056 2501897022 
100000 7512690096 10025130192 2512740081 
100000 7496717259 9993184518 2496767246 
100000 7503187344 10006124688 2503237334 
100000 7496604388 9992958776 2496654378 
100000 7500897493 10001544986 2500947484 
