100 220.02 39.48 709.18 133.26 2.2002 0.3948 7.0918 1.3326
200 372.86 67.82 1560.2 287.5 1.8643 0.3391 7.801 1.4375
300 640.16 111.46 2416.68 432.96 2.13387 0.371533 8.0556 1.4432
400 828.36 145.88 3307.54 591.82 2.0709 0.3647 8.26885 1.47955
500 1026.18 175.04 4120.76 745.18 2.05236 0.35008 8.24152 1.49036
600 1171.9 196.86 5068.28 901.94 1.95317 0.3281 8.44713 1.50323
700 1412.48 248.06 5913.76 1056.92 2.01783 0.354371 8.44823 1.50989
800 1602.06 267.58 6794.1 1218.18 2.00257 0.334475 8.49263 1.52273
900 1785.72 308.1 7799.64 1371.82 1.98413 0.342333 8.66627 1.52424
1000 1899.62 320.98 8677.7 1538.72 1.89962 0.32098 8.6777 1.53872
1100 2275.02 380.32 9551.76 1705.18 2.0682 0.345745 8.68342 1.55016
1200 2690.44 458.68 10454.3 1853.76 2.24203 0.382233 8.71192 1.5448
1300 2308.94 415.54 11325.5 2006.12 1.77611 0.319646 8.71192 1.54317
1400 2862.6 457.24 12338.7 2169.88 2.04471 0.3266 8.81336 1.54991
1500 3338.2 585.16 13218.1 2330.18 2.22547 0.390107 8.81207 1.55345
1600 3019.72 506.04 14224.1 2488.54 1.88732 0.316275 8.89004 1.55534
1700 3401.74 581.82 14959.1 2620.56 2.00102 0.342247 8.79945 1.54151
1800 3476.32 579.8 15917.5 2803.5 1.93129 0.322111 8.84307 1.5575
1900 3863 652.26 16866.9 2958 2.03316 0.343295 8.87733 1.55684
2000 4059.66 713.1 17784.2 3115.42 2.02983 0.35655 8.89209 1.55771
2100 4271.36 735.04 18896.9 3317.24 2.03398 0.350019 8.9985 1.57964
2200 4201.18 719.96 19841.7 3474.04 1.90963 0.327255 9.01896 1.57911
2300 4550.6 762.9 20485.7 3561.3 1.97852 0.331696 8.90683 1.54839
2400 4843.98 836.92 21537.9 3767.02 2.01832 0.348717 8.97411 1.56959
2500 4996.14 843.58 22258.6 3926.42 1.99846 0.337432 8.90345 1.57057
2600 5226.56 899.06 23550.8 4124.74 2.01022 0.345792 9.058 1.58644
2700 5518.6 886 24268 4234.8 2.04393 0.328148 8.98813 1.56844
2800 5702.74 979.8 25097.7 4383.64 2.03669 0.349929 8.96348 1.56559
2900 6132.36 1002 26046.6 4574.14 2.11461 0.345517 8.98159 1.57729
3000 6267.04 993 27362.1 4729.3 2.08901 0.331 9.12069 1.57643
3100 5827.66 1048.04 27826.1 4872.1 1.87989 0.338077 8.97615 1.57165
3200 6432.6 1130.86 28741.8 5038.64 2.01019 0.353394 8.98181 1.57458
3300 6495.3 1025.74 30113.9 5238.5 1.96827 0.31083 9.12543 1.58742
3400 6532.22 1037.64 30949.1 5357.26 1.92124 0.305188 9.10266 1.57566
3500 7272.84 1256 31699.2 5507.7 2.07795 0.358857 9.0569 1.57363
3600 6884.24 1141.44 32801.4 5711.42 1.91229 0.317067 9.11151 1.58651
3700 7819.38 1279.56 33340.1 5875.76 2.11335 0.345827 9.01083 1.58804
3800 7393.44 1184.06 34621.2 6000.64 1.94564 0.311595 9.11084 1.57912
3900 7851.68 1368.46 35787.6 6193.08 2.01325 0.350887 9.1763 1.58797
4000 7840.7 1313.6 36252.5 6373.62 1.96018 0.3284 9.06312 1.5934
4100 7787.74 1255.42 37465 6459.68 1.89945 0.3062 9.1378 1.57553
4200 9167.14 1479.5 38116.2 6674.68 2.18265 0.352262 9.0753 1.58921
4300 8766.24 1532.78 39536.2 6843.96 2.03866 0.35646 9.19446 1.59162
4400 9045.36 1484.52 40276.5 6996.24 2.05576 0.337391 9.15375 1.59005
4500 9075.94 1555.6 41221.8 7161.8 2.01688 0.345689 9.16039 1.59151
4600 9141.5 1605.5 42336 7352.56 1.98728 0.349022 9.20348 1.59838
4700 9610.86 1635.12 43006.1 7463.22 2.04486 0.347898 9.15023 1.58792
4800 10243.3 1712.84 44044.7 7634.6 2.13401 0.356842 9.17599 1.59054
4900 9469.74 1663.22 45246 7819.96 1.9326 0.339433 9.23387 1.59591
5000 10907.1 1905.42 45816.4 7980.1 2.18142 0.381084 9.16328 1.59602
5100 9836.3 1631.44 47461.1 8190.12 1.92869 0.31989 9.30609 1.60591
5200 10582.9 1795.56 48375.8 8315.36 2.03517 0.3453 9.30304 1.59911
5300 11519.7 1929.9 48714.5 8491.4 2.17354 0.364132 9.19142 1.60215
5400 11595.2 1922.44 50187.5 8650.82 2.14725 0.356007 9.29398 1.602
5500 11024.6 1804.1 50997.9 8817.44 2.00448 0.328018 9.27235 1.60317
5600 11675.9 1930.46 51890.6 8951.64 2.08498 0.344725 9.26617 1.59851
5700 11411 1893 52138.2 9118.64 2.00193 0.332105 9.14705 1.59976
5800 11351.8 1859.64 53415.6 9289.64 1.95721 0.320628 9.20958 1.60166
5900 11171.5 1809.1 54412.7 9432.12 1.89347 0.306627 9.22249 1.59866
6000 11631.1 1838.22 54649.8 9549.12 1.93851 0.30637 9.10829 1.59152
6100 12564 2083.82 56293.6 9754.24 2.05967 0.34161 9.22846 1.59906
6200 12553.5 2034.9 56926.4 9875.78 2.02476 0.32821 9.18167 1.59287
6300 13241.1 2240.84 58303 10086.6 2.10176 0.355689 9.25445 1.60105
6400 12275 2007.92 58664.3 10180.1 1.91796 0.313738 9.16629 1.59064
6500 14650.5 2412.76 60388.9 10442.8 2.25392 0.371194 9.2906 1.60659
6600 11749.9 1902.16 60706.5 10546.4 1.78028 0.288206 9.19795 1.59794
6700 14475.6 2479.58 61870.3 10772.1 2.16053 0.370087 9.23438 1.60777
6800 13283.1 2232.34 63635.3 10932.6 1.9534 0.328285 9.35814 1.60774
6900 13636.8 2443.68 64651.9 11062.6 1.97634 0.354157 9.36985 1.60327
7000 14539.5 2282.12 64795 11215.6 2.07707 0.326017 9.25642 1.60223
7100 13395.7 2251.3 65426.3 11293.1 1.88672 0.317085 9.21497 1.59058
7200 14346.5 2280.42 67179.4 11588.2 1.99257 0.316725 9.33047 1.60947
7300 14146.9 2409.7 67126.4 11630.6 1.93793 0.330096 9.19539 1.59324
7400 15646 2517.2 69143.9 11840.3 2.11432 0.340162 9.34377 1.60004
7500 15601 2555.86 69496.5 11986.4 2.08014 0.340781 9.2662 1.59819
7600 14885.5 2656.2 70499.6 12190.9 1.95862 0.3495 9.27627 1.60406
7700 15341.2 2542.32 70502.7 12281.3 1.99236 0.330171 9.1562 1.59498
7800 15997.6 2718.26 72549.7 12518.3 2.05098 0.348495 9.30125 1.60491
7900 15289.5 2745.1 73484.5 12742.6 1.93538 0.347481 9.30183 1.61299
8000 15311.6 2425.84 74708.8 12834.5 1.91395 0.30323 9.33859 1.60431
8100 16665.2 2639.08 75765.8 13093 2.05743 0.325812 9.3538 1.61642
8200 16301.5 2564.02 76340.4 13156.5 1.98799 0.312685 9.30981 1.60445
8300 17886.7 3188.5 77730.5 13382 2.15502 0.384157 9.36512 1.61229
8400 16759.1 2896.82 77923.2 13481.9 1.99513 0.34486 9.27657 1.60498
8500 16194 2725.52 78991.3 13644.6 1.90518 0.320649 9.29309 1.60525
8600 18160.1 2813.54 79417.9 13838.9 2.11164 0.327156 9.23464 1.60917
8700 17495.1 2778.3 80877.8 13966.3 2.01093 0.319345 9.2963 1.60532
8800 17916.1 3184.56 81666.2 14150 2.03592 0.361882 9.28025 1.60795
8900 18278 3123.36 82381.5 14324.8 2.05371 0.350939 9.25634 1.60953
9000 17412.6 3088.5 83313.9 14410.5 1.93473 0.343167 9.2571 1.60117
9100 17239.5 2883.8 84474.3 14631.9 1.89445 0.316901 9.28289 1.6079
9200 18970 3334.62 85563 14809.7 2.06196 0.362459 9.30033 1.60975
9300 18792.7 3223.1 87464.4 14971.8 2.02072 0.34657 9.40477 1.60987
9400 17775.5 3066.76 87013.5 15078.1 1.89101 0.326251 9.25675 1.60406
9500 21276.4 3276.68 87928.4 15283.3 2.23962 0.344914 9.25562 1.60877
9600 19012.9 3474.02 88210.4 15317.3 1.98051 0.361877 9.18858 1.59556
9700 19637.7 3329.46 89854.5 15522.1 2.02451 0.343243 9.26335 1.60022
9800 19695 3268.78 90856.2 15710.9 2.0097 0.333549 9.27104 1.60316
9900 18814.5 3146.26 92982.6 15965.3 1.90046 0.317804 9.39218 1.61265
10000 20135.4 3238.04 93166.7 16112 2.01354 0.323804 9.31667 1.6112
10100 18888.5 2848.36 94279.1 16302.8 1.87015 0.282016 9.33457 1.61414
10200 20444.1 3730.02 95541.3 16446.4 2.00432 0.365688 9.3668 1.61239
10300 21029.1 3692 95413.5 16552.4 2.04166 0.358447 9.26344 1.60703
10400 20089.2 3037.1 96557.7 16754.2 1.93165 0.292029 9.2844 1.61098
10500 21897.7 3511.22 97397.6 16867.8 2.0855 0.334402 9.27596 1.60645
10600 21066 3437.72 98286 17085.9 1.98735 0.324313 9.27226 1.61188
10700 19845.1 3316.94 100199 17288.8 1.85468 0.309994 9.36437 1.61577
10800 20505.4 3350.62 101089 17424.2 1.89864 0.310243 9.36009 1.61336
10900 21373.4 3654.26 101392 17542.3 1.96087 0.335253 9.302 1.60938
11000 22640.6 3893.78 102806 17719.9 2.05824 0.35398 9.34604 1.6109
11100 23095.5 4029.42 102954 17775.9 2.08068 0.363011 9.27513 1.60143
11200 23393.5 3870.06 105251 18122.6 2.08871 0.345541 9.39744 1.61809
11300 22144.7 3722.34 105684 18191.5 1.95971 0.329411 9.35259 1.60987
11400 21308.6 3537.88 106609 18420.5 1.86918 0.31034 9.35167 1.61583
11500 24368.1 4008.46 107153 18569.6 2.11896 0.348562 9.31765 1.61475
11600 22927.1 3835.84 108767 18678.8 1.97647 0.330676 9.37646 1.61024
11700 22670.2 3737.86 108532 18823.8 1.93763 0.319475 9.27621 1.60887
11800 25468.1 4210.24 110924 19105.9 2.15831 0.3568 9.40038 1.61914
11900 22964.3 3913.3 110457 19141.3 1.92978 0.328849 9.28212 1.60851
12000 22724 3601.3 112516 19399.9 1.89367 0.300108 9.37633 1.61666
12100 23305 3812.52 114037 19542 1.92604 0.315084 9.42454 1.61504
12200 23700.6 4031.42 114143 19617.2 1.94267 0.330444 9.35598 1.60797
12300 21483.7 3403.02 115404 19878.4 1.74664 0.276668 9.38242 1.61613
12400 25810.6 4274.72 116212 20025.6 2.0815 0.344735 9.37191 1.61497
12500 25285.6 4211.76 117328 20143.3 2.02285 0.336941 9.38624 1.61147
12600 27032.5 4706.88 117043 20283.5 2.14544 0.373562 9.28912 1.6098
12700 25392.3 4452.34 117792 20562.3 1.9994 0.350578 9.27494 1.61908
12800 24961.8 4197.62 120052 20616.9 1.95014 0.327939 9.37908 1.61069
12900 25748.5 4596.52 120997 20826.9 1.99601 0.356319 9.3796 1.61449
13000 26156.8 4706.26 122273 21071.2 2.01206 0.36202 9.40561 1.62086
13100 25917.6 4482.94 123583 21169.8 1.97844 0.342209 9.43382 1.61601
13200 27214 4578.32 123501 21324 2.06167 0.346842 9.35611 1.61545
13300 25589.1 4091.6 124792 21484.7 1.92399 0.307639 9.38289 1.61539
13400 25891.2 4294.36 125565 21589.1 1.93218 0.320475 9.37049 1.61113
13500 28883.3 4693.16 126922 21761 2.1395 0.347641 9.40162 1.61193
13600 25804.5 4030.52 128659 22002.5 1.89739 0.296362 9.46021 1.61783
13700 26593.7 4542.28 127458 21985.3 1.94114 0.331553 9.30353 1.60477
13800 30222.9 5105.4 129234 22317.6 2.19006 0.369957 9.36481 1.61722
13900 28691.6 4494.92 131106 22423.2 2.06415 0.323376 9.43209 1.61318
14000 29610.6 4721 131000 22509.6 2.11504 0.337214 9.35716 1.60783
14100 26950.2 4199.98 132214 22781.1 1.91136 0.297871 9.37687 1.61568
14200 28972.2 4895.74 131833 22891.1 2.0403 0.34477 9.284 1.61205
14300 28267.6 4557.76 134079 23079.4 1.97675 0.318724 9.37619 1.61394
14400 27835.5 4789.74 134287 23242.9 1.93302 0.332621 9.32546 1.61409
14500 27870.2 4767.34 135957 23350.9 1.92209 0.328782 9.37634 1.61041
14600 28402.4 4884.92 137982 23624.6 1.94537 0.334584 9.45085 1.61813
14700 29180.5 4878.86 136139 23571.1 1.98507 0.331895 9.26118 1.60348
14800 29642.7 5152.26 140656 23934.1 2.00289 0.348126 9.50378 1.61717
14900 31062.2 5494.56 140335 24078.1 2.08471 0.368762 9.41844 1.61598
15000 30616 4873.92 139058 24053.7 2.04107 0.324928 9.27052 1.60358
15100 29966.9 5198.88 142501 24375.2 1.98456 0.344297 9.43715 1.61425
15200 31135.8 5117.76 141762 24428.6 2.04841 0.336695 9.32644 1.60714
15300 31674.7 5603.6 144483 24627.3 2.07024 0.366248 9.4433 1.60963
15400 30498.6 4987.14 144049 24802.5 1.98043 0.32384 9.35386 1.61055
15500 31998.7 5542.38 145177 25010.5 2.06443 0.357573 9.36625 1.61358
15600 31963.7 5225.18 146324 25280.4 2.04895 0.334947 9.37972 1.62054
15700 30339.9 4700.48 147636 25334.4 1.93248 0.299394 9.40358 1.61366
15800 31485 5131.2 148449 25535.6 1.99272 0.324759 9.39552 1.61618
15900 32044.3 5313.28 148383 25523.7 2.01536 0.334169 9.33228 1.60527
16000 30487.2 5253.9 149123 25902.1 1.90545 0.328369 9.32016 1.61888
16100 31516.5 5372.68 151309 26046.4 1.95755 0.333707 9.3981 1.61779
16200 35019.8 5237.2 152638 26315.7 2.16172 0.323284 9.42208 1.62443
16300 35440.7 5942.74 154908 26461.8 2.17428 0.364585 9.50357 1.62343
16400 32236.1 5592.98 155095 26527.3 1.96562 0.341035 9.45698 1.61752
16500 31886 5058.32 155478 26734.6 1.93248 0.306565 9.4229 1.62028
16600 34892.8 5519.12 154795 26904.7 2.10197 0.332477 9.32503 1.62076
16700 38120.7 6274.62 158262 27008.8 2.28267 0.375726 9.47675 1.61729
16800 34919.6 5670.3 159110 27329.2 2.07855 0.337518 9.47083 1.62674
16900 34208.2 5800.42 157858 27284.8 2.02416 0.34322 9.3407 1.61448
17000 36174.2 6139.9 159714 27552 2.12789 0.361171 9.39494 1.62071
17100 33614.3 5723.2 160914 27618.8 1.96575 0.33469 9.41016 1.61513
17200 31147.7 5495.2 160262 27848 1.81092 0.319488 9.31757 1.61907
17300 37143.6 6328.04 163250 27966 2.14703 0.365783 9.43644 1.61653
17400 33627.3 5136.42 162016 27999.2 1.9326 0.295197 9.31129 1.60915
17500 34993.6 5873.2 162287 28159.3 1.99964 0.335611 9.27356 1.6091
17600 35746.3 5414.9 166054 28611.4 2.03104 0.307665 9.43488 1.62565
17700 35829 5673.02 165990 28734.1 2.02424 0.32051 9.37798 1.6234
17800 36962.4 5923.24 167239 28908.8 2.07654 0.332766 9.39547 1.62409
17900 37893.5 5901.4 168292 29011.5 2.11696 0.329687 9.40176 1.62075
18000 37311.7 6348.66 169911 29050 2.07287 0.352703 9.43948 1.61389
18100 36188.7 5961.72 170505 29370.5 1.99938 0.329377 9.42015 1.62268
18200 38622.6 6498.18 172241 29552.5 2.12212 0.357043 9.4638 1.62376
18300 33470.1 5612.26 172987 29627.5 1.82897 0.306681 9.45284 1.61899
18400 38233.9 6660.04 173079 29816.1 2.07793 0.361959 9.40644 1.62044
18500 39238.2 6520.6 175086 29950.7 2.12098 0.352465 9.46408 1.61896
18600 34683 5413.26 174802 30093.8 1.86468 0.291035 9.39794 1.61795
18700 38934.5 6780.98 174874 30296.2 2.08206 0.362619 9.35156 1.62012
18800 39560.9 6590.16 177240 30262.8 2.10431 0.35054 9.42763 1.60973
18900 38611.7 6683.38 178006 30700.9 2.04295 0.353618 9.41831 1.62439
19000 39876.2 6461.48 178325 30524.5 2.09875 0.340078 9.38552 1.60655
19100 37363.8 6277.18 181391 31009 1.95622 0.328648 9.49693 1.62351
19200 35921.8 5756.22 178215 30856.7 1.87093 0.299803 9.28203 1.60712
19300 38920.6 6475.22 180765 31214.1 2.01661 0.335504 9.36608 1.61731
19400 36455.3 5777.68 183870 31342.3 1.87914 0.297819 9.47782 1.61558
19500 40687.2 6496.94 184190 31624.9 2.08652 0.333176 9.44565 1.62179
19600 38621.1 6720.66 183579 31600.8 1.97046 0.342891 9.36627 1.61229
19700 40736.1 6795.34 187005 31817.1 2.06782 0.344941 9.49266 1.61508
19800 36559.2 5691.78 186727 32170.3 1.84643 0.287464 9.43068 1.62476
19900 40492.8 6453.14 187565 32380.2 2.03481 0.324278 9.42539 1.62715
20000 43756 7531.36 188068 32458.2 2.1878 0.376568 9.40342 1.62291
20100 39071.3 6750.08 190896 32574.3 1.94385 0.335825 9.49729 1.62061
20200 41345.4 7558.32 190431 32744.5 2.0468 0.374174 9.42729 1.62101
20300 40214.6 6548.48 191252 32980.6 1.98102 0.322585 9.42127 1.62466
20400 39201.4 6109.66 192239 32965.2 1.92164 0.299493 9.42349 1.61594
20500 42961.7 7044.42 193908 33319.6 2.09569 0.34363 9.4589 1.62535
20600 42327.5 7290.98 196647 33441.1 2.05473 0.353931 9.54599 1.62336
20700 41919.9 6614.62 195142 33509.9 2.02512 0.319547 9.42716 1.61884
20800 46460.5 7568.52 197205 33831.1 2.23368 0.363871 9.48103 1.6265
20900 41937.7 6934.48 197910 33928.5 2.00659 0.331793 9.46938 1.62337
21000 43733.1 7363.68 197707 34134.6 2.08253 0.350651 9.41464 1.62546
21100 42855 7171.44 201533 34217 2.03104 0.339879 9.55132 1.62166
21200 38893.2 6275.16 198621 34421.9 1.83459 0.295998 9.3689 1.62368
21300 42493.3 7546.12 199191 34611.7 1.99499 0.354278 9.35168 1.62496
21400 43107.8 7380.64 201360 34664.9 2.01439 0.34489 9.40933 1.61986
21500 48344.1 8295.7 201502 34906.1 2.24856 0.385847 9.37217 1.62354
21600 44295.7 7509.24 204031 35079.6 2.05073 0.34765 9.44589 1.62405
21700 41780.1 6786.94 204966 35331.1 1.92535 0.312762 9.44544 1.62816
21800 43560.5 6991.38 204788 35358.2 1.99819 0.320706 9.39392 1.62193
21900 42047.9 6856.54 207709 35556.2 1.92 0.313084 9.48443 1.62357
22000 39992.3 6568.7 208707 35701.1 1.81783 0.298577 9.4867 1.62278
22100 46361.5 7376.18 207072 35819.5 2.09781 0.333764 9.36975 1.62079
22200 39062.6 6380.18 209624 36052.4 1.75958 0.287395 9.44254 1.62398
22300 49906.8 7910.1 210384 36103.6 2.23797 0.354713 9.43426 1.61899
22400 42772.8 7115.98 211922 36435.1 1.9095 0.317678 9.4608 1.62657
22500 45055.1 7752.44 212900 36535.1 2.00245 0.344553 9.46224 1.62378
22600 47618.2 8256.94 211053 36778.7 2.107 0.365351 9.33864 1.62737
22700 42654.3 7288.62 217284 36886.2 1.87904 0.321085 9.572 1.62494
22800 43727.3 7224.86 216142 37085 1.91786 0.31688 9.4799 1.62653
22900 44378.2 7001.3 215325 36982.8 1.93791 0.305734 9.40282 1.61497
23000 47024.4 8104.88 216383 37415 2.04454 0.352386 9.40797 1.62674
23100 49637 8176.28 218091 37465.6 2.14879 0.353952 9.44118 1.62189
23200 46643.3 7941.98 219766 37736.2 2.01049 0.342327 9.47268 1.62656
23300 45554.8 8255.24 220495 37757 1.95514 0.354302 9.46331 1.62047
23400 47826 7863.6 221357 38007.8 2.04385 0.336051 9.45968 1.62426
23500 43265 7180.96 221237 37843.4 1.84106 0.305573 9.41433 1.61036
23600 50866.4 8026.76 225592 38406.5 2.15536 0.340117 9.559 1.62739
23700 43083.3 7050.28 223288 38373.5 1.81786 0.29748 9.42143 1.61913
23800 47368.2 7511.26 223058 38614.6 1.99026 0.315599 9.37218 1.62246
23900 45901.8 7194.56 225709 38744 1.92058 0.301028 9.44388 1.62109
24000 47689.4 7987.32 226952 38888.8 1.98706 0.332805 9.45632 1.62037
24100 46245.3 7149.76 227668 39174.8 1.91889 0.296671 9.44678 1.62551
24200 48548.7 8604.86 229826 39318.5 2.00615 0.355573 9.49694 1.62473
24300 51736 8089.36 231748 39565.9 2.12905 0.332895 9.53694 1.62823
24400 46145.7 8135.2 230835 39585 1.89122 0.33341 9.46046 1.62234
24500 49988.9 8609.46 229973 39835.7 2.04036 0.351407 9.38666 1.62595
24600 52005.6 9176.72 232457 39984.8 2.11405 0.373037 9.44949 1.6254
24700 50471.1 8827.42 230978 39937.9 2.04336 0.357385 9.35135 1.61692
24800 53432.3 8884.06 235171 40349.3 2.15453 0.358228 9.48268 1.62699
24900 49438.1 8511.98 237300 40573.9 1.98547 0.341847 9.5301 1.62947
25000 50236.1 8348.22 235180 40583.1 2.00944 0.333929 9.4072 1.62332
25100 50443.1 8844.42 238760 40783.8 2.00969 0.352367 9.51236 1.62485
25200 52678.3 8289.8 238444 40934 2.09041 0.32896 9.46205 1.62437
25300 55302.5 8854.24 240956 41128.6 2.18587 0.34997 9.52393 1.62564
25400 51797.2 8855.26 238877 41307.9 2.03926 0.348632 9.4046 1.62629
25500 47102.6 7847.74 240606 41448.4 1.84716 0.307755 9.43552 1.62543
25600 51036.5 7889.78 243978 41658.1 1.99361 0.308195 9.53037 1.62727
25700 50718.5 8770.5 242464 41709.6 1.97348 0.341265 9.4344 1.62294
25800 54090.2 8799.8 244686 41815.5 2.09652 0.341078 9.48396 1.62075
25900 57101 9314.02 245318 42167.6 2.20467 0.359615 9.47175 1.62809
26000 50037.1 8148.26 246821 42366.6 1.9245 0.313395 9.49311 1.62948
26100 48571.7 8011.28 247567 42566.8 1.86099 0.306946 9.48531 1.63091
26200 51104.9 8281.72 250119 42801.7 1.95057 0.316096 9.54652 1.63365
26300 54642.4 9002.96 250274 42927.3 2.07766 0.342318 9.51614 1.63222
26400 50639.2 8859.46 249367 43105.8 1.91815 0.335586 9.44571 1.63279
26500 50580.1 8267.36 252465 43153.8 1.90868 0.311976 9.52699 1.62844
26600 50290 8529.48 252378 43353.7 1.8906 0.320657 9.4879 1.62984
26700 50913.3 8148.84 254184 43544.4 1.90686 0.3052 9.52001 1.63088
26800 53143.6 9066.36 253463 43515.1 1.98297 0.338297 9.45757 1.6237
26900 52446.6 8589.82 254393 43553.7 1.94969 0.319324 9.45698 1.6191
27000 53507.1 8586.64 255404 43837.6 1.98174 0.318024 9.45939 1.62362
27100 54823.9 9400.66 257672 44032.3 2.02302 0.346888 9.50817 1.62481
27200 58372.6 10141.7 258241 44235.7 2.14605 0.372856 9.49416 1.62631
27300 54587.4 9039.7 259790 44504.3 1.99954 0.331125 9.51611 1.63019
27400 57092.9 9385.1 258251 44564.4 2.08368 0.342522 9.42523 1.62644
27500 51367.4 8497 260177 44615.5 1.8679 0.308982 9.46098 1.62238
27600 58682.3 9747.54 260469 44849.1 2.12617 0.353172 9.43729 1.62497
27700 54081.5 8936.78 263868 45138.2 1.9524 0.322627 9.52593 1.62954
27800 52954.8 8628.2 264738 45259 1.90485 0.310367 9.52294 1.62802
27900 55986.8 9677.96 265836 45487.2 2.00669 0.34688 9.52817 1.63037
28000 60349.1 9875.14 266155 45661 2.15532 0.352684 9.50553 1.63075
28100 55448.2 9213.74 266162 45759.8 1.97324 0.327891 9.47197 1.62846
28200 58576.9 10248.7 272171 45951.4 2.0772 0.363428 9.65145 1.62948
28300 58230.9 10155.4 267615 46046.9 2.05763 0.358847 9.45637 1.6271
28400 56926.2 9657.72 268332 46032.8 2.00444 0.340061 9.44832 1.62087
28500 53447.2 9487.02 270489 46415.1 1.87534 0.332878 9.49086 1.6286
28600 60147.8 9896.06 270802 46314 2.10307 0.346016 9.4686 1.61937
28700 51833.3 8962.76 272899 46587.5 1.80604 0.312291 9.50869 1.62326
28800 58762.7 10141.9 272992 46957.2 2.04037 0.352148 9.47888 1.63046
28900 54647.1 8460.74 273635 46855.2 1.8909 0.292759 9.46833 1.62129
29000 57004.3 9727.9 276130 46991.8 1.96567 0.335445 9.52172 1.62041
29100 56835.3 10105.3 274320 47358.6 1.9531 0.347262 9.42681 1.62744
29200 59589 9690.98 275726 47475.9 2.04072 0.331883 9.44267 1.62589
29300 61810.7 10260 278130 47671.5 2.10958 0.350172 9.49251 1.62701
29400 58013 10071.7 278710 47755.4 1.97323 0.342576 9.47993 1.62433
29500 65970.3 10808.7 279255 48011.9 2.23628 0.366398 9.46629 1.62752
29600 59087.4 9970.62 279569 48120.2 1.99619 0.336845 9.4449 1.62568
29700 59015.6 10117.9 283570 48409.9 1.98706 0.340669 9.5478 1.62996
29800 60149.4 10360.3 283662 48524.1 2.01843 0.347662 9.51887 1.62833
29900 62791.2 10005 283904 48821.3 2.10004 0.334615 9.4951 1.63282
30000 55770.8 9446.58 285338 48905.5 1.85903 0.314886 9.51126 1.63018
30100 52794.4 8115.64 285537 48960.1 1.75397 0.269623 9.48628 1.62658
30200 62344.5 10400.6 286911 49000.9 2.06439 0.344392 9.50035 1.62255
30300 64753.7 10670.7 287502 49166.1 2.13709 0.352168 9.48851 1.62264
30400 60659.6 10422.3 289372 49605.5 1.99538 0.342838 9.51882 1.63176
30500 59777.2 9971.08 290449 49618.9 1.95991 0.326921 9.5229 1.62685
30600 62388.4 10805.4 288985 49661.4 2.03884 0.353118 9.44396 1.62292
30700 65095.5 10630 289939 49730.9 2.12038 0.346255 9.44428 1.6199
30800 59981.1 9675.82 294705 50358 1.94744 0.31415 9.56835 1.635
30900 57881.6 9534.8 293311 50299.3 1.87319 0.30857 9.49226 1.62781
31000 62624.4 10327.3 293842 50546 2.02014 0.333137 9.47878 1.63052
31100 59444 9732.64 291890 50588.8 1.91138 0.312947 9.38553 1.62665
31200 58998.4 10199.7 296255 50826.4 1.89097 0.326913 9.49536 1.62905
31300 60298.7 10117.1 299089 50972.8 1.92647 0.32323 9.55557 1.62852
31400 63204.6 9929.8 297972 51144.1 2.01289 0.316236 9.48955 1.62879
31500 61318.4 11118.7 299575 51223.7 1.94662 0.352975 9.51031 1.62615
31600 61545.4 9624.92 300038 51486.9 1.94764 0.304586 9.49486 1.62933
31700 63050 10090.9 302502 51784.7 1.98896 0.318325 9.54265 1.63359
31800 64793.2 11647 302247 52017.1 2.03752 0.366259 9.50463 1.63576
31900 65962.9 10139.5 303370 51810.1 2.0678 0.317852 9.51003 1.62414
32000 59675.6 10769.3 301118 51823.7 1.86486 0.336542 9.40995 1.61949
32100 63932.6 11609.3 306326 52281.9 1.99167 0.36166 9.54288 1.62872
32200 63459.4 10339 305760 52539.6 1.97079 0.321088 9.49567 1.63166
32300 63849.8 10659.9 305627 52639.3 1.97677 0.330029 9.46213 1.6297
32400 60767.8 10262 309900 52567.4 1.87555 0.316729 9.5648 1.62245
32500 63623.3 11411.2 308227 52972.6 1.95764 0.351114 9.48391 1.62993
32600 69864 11821.3 310352 53163.5 2.14307 0.362616 9.51998 1.63078
32700 66752.7 11030.8 309158 53431.5 2.04137 0.337335 9.45437 1.63399
32800 69431.7 11738.7 313571 53227.2 2.11682 0.357887 9.56009 1.62278
32900 66899.1 10926.1 310327 53488.9 2.03341 0.332102 9.43243 1.6258
33000 69336.1 11050.1 312445 53721.3 2.10109 0.334851 9.46802 1.62792
33100 70726.4 11829.4 314868 53915.7 2.13675 0.357383 9.51263 1.62887
33200 69352.8 11126.9 315252 54150.4 2.08894 0.335147 9.49554 1.63104
33300 64818.6 11195.6 316932 54142.6 1.94651 0.336205 9.51748 1.6259
33400 75090.7 13033.8 314822 54393 2.24822 0.390232 9.4258 1.62853
33500 61589.8 10696.7 317290 54288.7 1.8385 0.319305 9.47135 1.62056
33600 65626.3 11369.1 318329 54586.1 1.95316 0.338365 9.47409 1.62459
33700 67286.9 11791.6 318685 54864.4 1.99665 0.3499 9.45653 1.62802
33800 63037.5 10833.1 323710 55180 1.86502 0.320507 9.57721 1.63254
33900 69626.8 12508.5 322777 55139.4 2.05389 0.368983 9.52144 1.62653
34000 67727 11140 323244 55194.2 1.99197 0.327646 9.50717 1.62336
34100 68572.7 11579.8 326807 55562 2.01093 0.339583 9.5838 1.62938
34200 68145.4 11074.9 323629 55519.6 1.99256 0.323827 9.46282 1.62338
34300 71785.5 11981.1 325262 55635.3 2.09287 0.349304 9.48284 1.62202
34400 68805.6 10959.9 328180 55994.9 2.00016 0.318603 9.54011 1.62776
34500 68380.2 11119.8 329402 56178.4 1.98203 0.322312 9.54788 1.62836
34600 73988.5 12424.2 328114 56309.1 2.13839 0.35908 9.48306 1.62743
34700 67799.2 11453.9 330004 56564.1 1.95387 0.330085 9.51019 1.63009
34800 74075.1 12255.9 329134 56669.5 2.1286 0.35218 9.45789 1.62843
34900 73051.3 12760.7 335162 57043 2.09316 0.365635 9.6035 1.63447
35000 65152.7 10773.8 332491 57099.1 1.86151 0.307822 9.49976 1.6314
35100 69002.2 11916.8 330039 57115.1 1.96587 0.339509 9.40283 1.62721
35200 65495.7 11026.4 334599 57339.6 1.86067 0.31325 9.50566 1.62896
35300 71953 12097.8 337011 57560.9 2.03833 0.342713 9.54706 1.63062
35400 76991.2 12530.8 335237 57597.8 2.17489 0.353976 9.46999 1.62706
35500 75721.6 11829 336962 57909.8 2.133 0.333212 9.49188 1.63126
35600 64612 10362.9 340903 58016 1.81494 0.291093 9.57592 1.62966
35700 67826.9 11163.7 339151 58089.8 1.89991 0.312708 9.50004 1.62716
35800 77095.3 12436.8 336049 57914.8 2.1535 0.347396 9.38683 1.61773
35900 72165 11390 342734 58596 2.01017 0.317271 9.54692 1.6322
36000 69525.3 11407 342683 58389.5 1.93126 0.316861 9.51896 1.62193
36100 81559.2 13486.9 345675 58773.3 2.25926 0.373599 9.57549 1.62807
36200 68818.6 12528.9 343698 58814.7 1.90107 0.346103 9.49443 1.62471
36300 77674.2 13460.4 346991 59133.5 2.13979 0.370809 9.55898 1.62902
36400 74009 12571.9 342018 59352.9 2.03321 0.345383 9.39609 1.63057
36500 67920 11159.3 343521 59255.5 1.86082 0.305735 9.41153 1.62344
36600 75781.2 12923.5 347419 59504.5 2.07052 0.353102 9.49231 1.62581
36700 69804.1 12716.5 348074 59735.9 1.90202 0.346498 9.4843 1.62768
36800 70865.9 11679.4 345722 60007.6 1.9257 0.317374 9.39461 1.63064
36900 71358.7 12654.1 349653 60084.5 1.93384 0.342931 9.47568 1.62831
37000 79208.2 12774.6 354050 60297.7 2.14076 0.345258 9.56892 1.62967
37100 69561.2 11876.6 354369 60309.4 1.87496 0.320123 9.55172 1.62559
37200 75453.5 12732.9 354129 60508 2.02832 0.342282 9.5196 1.62656
37300 75555 13165.8 354214 60810.2 2.0256 0.352972 9.49635 1.6303
37400 71841 11430 357604 60996 1.92088 0.305616 9.56161 1.63091
37500 74844 11844.4 356595 61334.1 1.99584 0.315851 9.50921 1.63558
37600 77826.6 12703.7 356646 61548.3 2.06986 0.337863 9.48527 1.63692
37700 70243.8 11444.6 360646 61465.4 1.86323 0.303569 9.5662 1.63038
37800 85004.4 14731.8 361722 61506 2.24879 0.389731 9.56937 1.62714
37900 76715.9 12395.9 358598 61791.7 2.02417 0.327069 9.46168 1.63039
38000 71039.9 12121 360080 61974.3 1.86947 0.318974 9.47579 1.6309
38100 75166.3 12432.3 365458 62240.1 1.97287 0.326308 9.59207 1.6336
38200 80063.8 13753 367079 62266.6 2.09591 0.360027 9.60941 1.63002
38300 77843 11702.7 365241 62476.3 2.03245 0.305552 9.53631 1.63123
38400 77912.1 13284.4 368095 62613.4 2.02896 0.345948 9.58581 1.63056
38500 78147.8 12748.9 369553 62929.7 2.02981 0.33114 9.59878 1.63454
38600 74600.7 12918.1 372096 62933 1.93266 0.334666 9.63979 1.63039
38700 74404.8 11703.6 368441 63062.3 1.92261 0.302418 9.52045 1.62952
38800 78155.3 12176.6 368651 63211.6 2.01431 0.313831 9.50132 1.62916
38900 77158 12971.1 369770 63461.2 1.9835 0.333448 9.50566 1.63139
39000 75501 12349.1 367303 63465 1.93592 0.316645 9.41803 1.62731
39100 85780.7 14090.1 370735 63717.4 2.19388 0.360362 9.48172 1.6296
39200 83636 14374.3 372297 64021.2 2.13357 0.366692 9.49736 1.63319
39300 76523.1 12617.5 375003 64276.3 1.94715 0.321056 9.54206 1.63553
39400 83524 13966.2 376092 64468.2 2.1199 0.354473 9.54548 1.63625
39500 77329.7 13510.5 375412 64431 1.95771 0.342039 9.50411 1.63116
39600 79753 13429.4 376291 64356.7 2.01397 0.339125 9.5023 1.62517
39700 77004.1 13179.8 382419 64814.6 1.93965 0.331986 9.63273 1.63261
39800 75814 12660.4 381501 64937.2 1.90487 0.318101 9.58545 1.63159
39900 75041.3 12722.7 378261 65147.4 1.88074 0.318864 9.48022 1.63277
40000 76535.4 12559.3 381388 65213.1 1.91339 0.313982 9.53471 1.63033
40100 87704.2 14706.1 379280 65563.7 2.18714 0.366737 9.45837 1.635
40200 81708.2 13617.9 385341 65647.9 2.03254 0.338755 9.58561 1.63303
40300 81921.8 13760.3 382993 65795 2.0328 0.341446 9.50355 1.63263
40400 84751.6 14073 385044 65950.6 2.09781 0.348341 9.5308 1.63244
40500 91873.2 14354.6 384028 66189.6 2.26848 0.354435 9.48218 1.63431
40600 75684.7 13415.9 386906 66493.9 1.86415 0.330442 9.52972 1.63778
40700 78270.2 13132.5 387797 66525.7 1.9231 0.322665 9.52818 1.63454
40800 79635.7 13381.4 388615 66751 1.95185 0.327975 9.52487 1.63605
40900 80834.4 12182.2 388225 66869.9 1.97639 0.297854 9.49205 1.63496
41000 85436.1 14603.6 390587 67076 2.08381 0.356185 9.52651 1.636
41100 86864.1 15111.9 388835 66762.6 2.11348 0.367687 9.46071 1.62439
41200 93269.3 15363.1 393529 67294.8 2.26382 0.37289 9.55168 1.63337
41300 85002 13271.7 392820 67363.6 2.05816 0.321348 9.51137 1.63108
41400 88246 14864.4 392728 67656.8 2.13154 0.359043 9.48618 1.63422
41500 90543.7 14417.4 394211 67537.2 2.18178 0.347408 9.49907 1.6274
41600 85331.1 14886.3 391176 67712.8 2.05123 0.357844 9.40327 1.62771
41700 84679.5 13276.3 397925 68008.7 2.03068 0.318376 9.54256 1.6309
41800 83617.5 13852.8 397067 68062.1 2.00042 0.331407 9.49921 1.62828
41900 81494.9 13496.2 398096 68317.1 1.94499 0.322104 9.50109 1.63048
42000 82041.9 13937.7 400956 68481.6 1.95338 0.33185 9.54658 1.63051
42100 83804.6 13518.6 403418 68694.2 1.99061 0.321108 9.58237 1.63169
42200 80446.7 13676.2 405501 68843.3 1.90632 0.324082 9.60902 1.63136
42300 88131.4 13640 402059 69046.1 2.08348 0.322458 9.50494 1.6323
42400 78039.1 13530.5 403919 69393.7 1.84054 0.319116 9.5264 1.63664
42500 82079.9 12998.7 402471 69243.1 1.93129 0.305851 9.4699 1.62925
42600 87575.8 14969.6 399938 69107 2.05577 0.351399 9.38821 1.62223
42700 87483.7 15331 409976 69937.9 2.0488 0.359039 9.6013 1.63789
42800 84213.9 14134.8 409213 69998.4 1.96762 0.330251 9.56105 1.63548
42900 83875.9 15372.2 412581 70105 1.95515 0.358327 9.61728 1.63415
43000 87469.7 14303.1 407551 70197.9 2.03418 0.332631 9.47793 1.63251
43100 80983.3 13695.6 411087 70251.9 1.87896 0.317762 9.53798 1.62998
43200 82479 14648.2 410295 70618.4 1.90924 0.33908 9.49757 1.63469
43300 87642.9 13910.3 413124 70592.2 2.02409 0.321255 9.54097 1.6303
43400 93413 15688.6 416117 70919.9 2.15237 0.361488 9.58795 1.6341
43500 85591.4 13685.5 412107 70691.3 1.96762 0.314609 9.47373 1.62509
43600 83069.5 15206.1 414063 71331.5 1.90526 0.348765 9.49686 1.63604
43700 85354.4 14315.7 417284 71265.4 1.95319 0.327589 9.54883 1.63079
43800 90733.5 15446.8 419406 71342 2.07154 0.352666 9.57548 1.62881
43900 81292.1 13683.2 421448 71747.8 1.85176 0.311689 9.60018 1.63435
44000 89382.1 15478.3 418676 71760.9 2.03141 0.35178 9.51537 1.63093
44100 81757.2 14007.8 421147 71962.4 1.8539 0.317636 9.54982 1.6318
44200 89764.2 14589.6 422816 72189.1 2.03086 0.330081 9.56598 1.63324
44300 87732.4 14322.2 421037 72203.9 1.98042 0.323299 9.50422 1.62989
44400 91539.5 16549.5 424507 72451.7 2.0617 0.372737 9.56098 1.63179
44500 90986.8 15636.4 421106 72660.9 2.04465 0.351379 9.46306 1.63283
44600 93690.7 15312 424578 72878.4 2.10069 0.343319 9.51968 1.63405
44700 93273 15875.9 424051 72651.1 2.08664 0.355165 9.48659 1.6253
44800 90916 15897.8 425106 72912 2.02937 0.354862 9.48896 1.6275
44900 84463.9 12975.3 428466 73316.4 1.88116 0.288982 9.54266 1.63288
45000 89380.6 16219.3 423735 73192.1 1.98624 0.360428 9.41632 1.62649
45100 89808.9 16283 430112 73687.2 1.99133 0.361042 9.53685 1.63386
45200 92935.2 14167.8 430894 73325.7 2.05609 0.313446 9.53306 1.62225
45300 86111.7 14813.5 426390 73748.1 1.90092 0.327008 9.41258 1.62799
45400 86393 13331.3 431127 74075.9 1.90293 0.29364 9.49619 1.63163
45500 90975.3 14823.5 431209 73984.7 1.99946 0.325792 9.47713 1.62604
45600 83806.2 13411.3 428742 74329.5 1.83786 0.294108 9.40223 1.63003
45700 98255 16586.6 431329 74754.7 2.15 0.362945 9.43828 1.63577
45800 87727.1 14610.4 436825 74498.1 1.91544 0.319005 9.53765 1.6266
45900 95403.9 15916 435414 74887.4 2.07852 0.346753 9.48614 1.63153
46000 95033.1 14977.8 437272 75017.8 2.06594 0.325605 9.50592 1.63082
46100 92171.5 14990.9 438489 75353.7 1.99938 0.325183 9.5117 1.63457
46200 89386.6 15307.7 441307 75411 1.93478 0.331335 9.55211 1.63227
46300 98857.6 16322.9 442589 75685.4 2.13515 0.352547 9.55916 1.63467
46400 94347.7 15743.4 436660 75698.6 2.03336 0.339298 9.41078 1.63144
46500 86664.3 13996.1 446168 76119 1.86375 0.300991 9.59502 1.63697
46600 101882 16863 443758 75797.5 2.18631 0.361868 9.52269 1.62656
46700 90556.6 16432.6 447533 76289.8 1.93911 0.351877 9.58315 1.63361
46800 92092 14935 445632 76224 1.96778 0.319124 9.52206 1.62872
46900 103563 16449.2 447133 76645.1 2.20817 0.350729 9.53376 1.63422
47000 90268.4 14309 449972 76648 1.9206 0.304446 9.57387 1.63081
47100 101273 16296.6 452980 76862.5 2.15016 0.346001 9.6174 1.6319
47200 87883 14973.3 454568 77152 1.86193 0.31723 9.63068 1.63458
47300 93050.4 15727.7 449406 77033.7 1.96724 0.33251 9.50118 1.62862
47400 84835.6 14372 452039 77623.6 1.78978 0.303207 9.53668 1.63763
47500 97522.2 16756.2 450566 77652.6 2.0531 0.352761 9.4856 1.63479
47600 94989.8 16940.5 446840 77291 1.99558 0.355893 9.38739 1.62376
47700 100542 16663.4 453692 77813.8 2.10781 0.349337 9.51136 1.63132
47800 99883 16818.5 455779 78046.3 2.0896 0.351851 9.53512 1.63277
47900 93385 16553.7 457507 78352.9 1.94958 0.345588 9.55129 1.63576
48000 94840.2 14872.1 457811 78353.1 1.97584 0.309836 9.53772 1.63236
48100 99807.6 17480.5 458111 78663.2 2.075 0.36342 9.52413 1.63541
48200 84715.8 13610.9 461546 78733 1.75759 0.282383 9.57564 1.63346
48300 95791.9 17399.7 456888 78900.6 1.98327 0.360243 9.45939 1.63355
48400 94049.3 16056.5 463240 79189.3 1.94317 0.331745 9.57107 1.63614
48500 96459.6 17116.3 464919 79319.6 1.98886 0.352913 9.58596 1.63546
48600 96968.1 17018.4 455710 79130.7 1.99523 0.350173 9.37674 1.6282
48700 98564.1 16490.4 465853 79339 2.0239 0.338613 9.56577 1.62914
48800 97181 15958.2 462705 79291.3 1.99141 0.327011 9.48165 1.62482
48900 101502 16459.6 464511 79905.9 2.07571 0.336598 9.4992 1.63407
49000 102590 17669.9 466861 80261 2.09368 0.360609 9.52777 1.63798
49100 91923.1 15759.8 466031 80443 1.87216 0.320974 9.49147 1.63835
49200 111228 18448.7 473818 80644.7 2.26073 0.374973 9.63045 1.63912
49300 98190.6 15983.3 467164 80172.7 1.9917 0.324205 9.47594 1.62622
49400 91216.6 14928 471692 80669.4 1.84649 0.302187 9.54842 1.63298
49500 96036.8 16173.1 474053 80857.3 1.94014 0.32673 9.57683 1.63348
49600 91335.9 16018.8 472381 81249.9 1.84145 0.322959 9.52381 1.6381
49700 90885.8 15937.2 476329 81527.9 1.82869 0.320668 9.58408 1.6404
49800 99063.4 16252.1 475967 81169.8 1.98923 0.326348 9.55756 1.62991
49900 88170.2 14567.2 477293 81347.8 1.76694 0.291927 9.565 1.63022
50000 92103.9 15148.4 474606 81286.7 1.84208 0.302967 9.49212 1.62573
