1000 8777.1 0 7225.87 0 8.7771 0 7.22587 0
2000 19552.2 0 16447.7 0 9.7761 0 8.22384 0
3000 31073.9 0 27659.6 0 10.358 0 9.21986 0
4000 43106.1 0 36907.1 0 10.7765 0 9.22677 0
5000 55536.5 0 47158 0 11.1073 0 9.43161 0
6000 68154.5 0 61308 0 11.3591 0 10.218 0
7000 81135.2 0 71797.7 0 11.5907 0 10.2568 0
8000 94194.4 0 81808.2 0 11.7743 0 10.226 0
9000 107571 0 92073.6 0 11.9524 0 10.2304 0
10000 121053 0 104323 0 12.1053 0 10.4323 0
11000 134648 0 119914 0 12.2407 0 10.9013 0
12000 148297 0 134612 0 12.3581 0 11.2177 0
13000 162219 0 146527 0 12.4784 0 11.2713 0
14000 176245 0 157590 0 12.5889 0 11.2564 0
15000 190321 0 168599 0 12.6881 0 11.2399 0
16000 204392 0 179617 0 12.7745 0 11.226 0
17000 218693 0 190706 0 12.8643 0 11.218 0
18000 233148 0 202152 0 12.9527 0 11.2306 0
19000 247621 0 214483 0 13.0327 0 11.2886 0
20000 262119 0 228632 0 13.1059 0 11.4316 0
21000 276671 0 244687 0 13.1748 0 11.6518 0
22000 291304 0 261830 0 13.2411 0 11.9014 0
23000 305949 0 278347 0 13.3021 0 12.1021 0
24000 320609 0 293260 0 13.3587 0 12.2192 0
25000 335426 0 306582 0 13.417 0 12.2633 0
26000 350439 0 319035 0 13.4784 0 12.2706 0
27000 365465 0 331163 0 13.5357 0 12.2653 0
28000 380515 0 343179 0 13.5898 0 12.2564 0
29000 395566 0 355205 0 13.6402 0 12.2485 0
30000 410627 0 367217 0 13.6876 0 12.2406 0
31000 425698 0 379202 0 13.7322 0 12.2323 0
32000 440795 0 391221 0 13.7748 0 12.2257 0
33000 455923 0 403308 0 13.8159 0 12.2215 0
34000 471399 0 415407 0 13.8647 0 12.2179 0
35000 486824 0 427740 0 13.9093 0 12.2211 0
36000 502315 0 440292 0 13.9532 0 12.2303 0
37000 517764 0 453344 0 13.9936 0 12.2526 0
38000 533256 0 467054 0 14.033 0 12.2909 0
39000 548737 0 481666 0 14.0702 0 12.3504 0
40000 564195 0 497244 0 14.1049 0 12.4311 0
41000 579720 0 513969 0 14.1395 0 12.5358 0
42000 595347 0 531359 0 14.1749 0 12.6514 0
43000 610987 0 549461 0 14.209 0 12.7782 0
44000 626613 0 567574 0 14.2412 0 12.8994 0
45000 642240 0 585400 0 14.272 0 13.0089 0
46000 657890 0 602709 0 14.302 0 13.1024 0
47000 673550 0 618996 0 14.3308 0 13.1701 0
48000 689206 0 634481 0 14.3585 0 13.2184 0
49000 704874 0 649136 0 14.3852 0 13.2477 0
50000 720844 0 663141 0 14.4169 0 13.2628 0
