1000 8806 0 7235 0 8.806 0 7.235 0
2000 19527 0 16442 0 9.7635 0 8.221 0
3000 31094 0 27690 0 10.3647 0 9.23 0
4000 43069 0 36833 0 10.7673 0 9.20825 0
5000 55521 0 47203 0 11.1042 0 9.4406 0
6000 68124 0 61391 0 11.354 0 10.2318 0
7000 81112 0 71820 0 11.5874 0 10.26 0
8000 94195 0 81797 0 11.7744 0 10.2246 0
9000 107627 0 92131 0 11.9586 0 10.2368 0
10000 121091 0 104353 0 12.1091 0 10.4353 0
11000 134593 0 119965 0 12.2357 0 10.9059 0
12000 148249 0 134590 0 12.3541 0 11.2158 0
13000 162256 0 146476 0 12.4812 0 11.2674 0
14000 176130 0 157578 0 12.5807 0 11.2556 0
15000 190338 0 168691 0 12.6892 0 11.2461 0
16000 204353 0 179697 0 12.7721 0 11.2311 0
17000 218884 0 190711 0 12.8755 0 11.2183 0
18000 233051 0 202115 0 12.9473 0 11.2286 0
19000 247653 0 214472 0 13.0344 0 11.288 0
20000 262005 0 228429 0 13.1003 0 11.4215 0
21000 276586 0 244981 0 13.1708 0 11.6658 0
22000 291380 0 261752 0 13.2445 0 11.8978 0
23000 305971 0 278386 0 13.3031 0 12.1037 0
24000 320747 0 293210 0 13.3645 0 12.2171 0
25000 335259 0 306404 0 13.4104 0 12.2562 0
26000 350344 0 319024 0 13.4748 0 12.2702 0
27000 365376 0 331198 0 13.5324 0 12.2666 0
28000 380584 0 343132 0 13.5923 0 12.2547 0
29000 395618 0 355104 0 13.642 0 12.245 0
30000 410650 0 367265 0 13.6883 0 12.2422 0
31000 425686 0 379236 0 13.7318 0 12.2334 0
32000 440889 0 391304 0 13.7778 0 12.2282 0
33000 456114 0 403186 0 13.8216 0 12.2178 0
34000 471320 0 415234 0 13.8624 0 12.2128 0
35000 486901 0 427622 0 13.9115 0 12.2178 0
36000 502228 0 440357 0 13.9508 0 12.2321 0
37000 517588 0 453370 0 13.9889 0 12.2532 0
38000 533070 0 467044 0 14.0282 0 12.2906 0
39000 548757 0 481795 0 14.0707 0 12.3537 0
40000 564290 0 497825 0 14.1073 0 12.4456 0
41000 579922 0 513894 0 14.1444 0 12.534 0
42000 595536 0 531205 0 14.1794 0 12.6477 0
43000 611092 0 549915 0 14.2114 0 12.7887 0
44000 626571 0 567470 0 14.2402 0 12.897 0
45000 642261 0 585557 0 14.2725 0 13.0124 0
46000 657868 0 602673 0 14.3015 0 13.1016 0
47000 673471 0 619025 0 14.3292 0 13.1707 0
48000 689128 0 634661 0 14.3568 0 13.2221 0
49000 704796 0 649247 0 14.3836 0 13.2499 0
50000 720798 0 663144 0 14.416 0 13.2629 0
