1000 8806 0 7235 0 
2000 19527 0 16442 0 
3000 31094 0 27690 0 
4000 43069 0 36833 0 
5000 55521 0 47203 0 
6000 68124 0 61391 0 
7000 81112 0 71820 0 
8000 94195 0 81797 0 
9000 107627 0 92131 0 
10000 121091 0 104353 0 
11000 134593 0 119965 0 
12000 148249 0 134590 0 
13000 162256 0 146476 0 
14000 176130 0 157578 0 
15000 190338 0 168691 0 
16000 204353 0 179697 0 
17000 218884 0 190711 0 
18000 233051 0 202115 0 
19000 247653 0 214472 0 
20000 262005 0 228429 0 
21000 276586 0 244981 0 
22000 291380 0 261752 0 
23000 305971 0 278386 0 
24000 320747 0 293210 0 
25000 335259 0 306404 0 
26000 350344 0 319024 0 
27000 365376 0 331198 0 
28000 380584 0 343132 0 
29000 395618 0 355104 0 
30000 410650 0 367265 0 
31000 425686 0 379236 0 
32000 440889 0 391304 0 
33000 456114 0 403186 0 
34000 471320 0 415234 0 
35000 486901 0 427622 0 
36000 502228 0 440357 0 
37000 517588 0 453370 0 
38000 533070 0 467044 0 
39000 548757 0 481795 0 
40000 564290 0 497825 0 
41000 579922 0 513894 0 
42000 595536 0 531205 0 
43000 611092 0 549915 0 
44000 626571 0 567470 0 
45000 642261 0 585557 0 
46000 657868 0 602673 0 
47000 673471 0 619025 0 
48000 689128 0 634661 0 
49000 704796 0 649247 0 
50000 720798 0 663144 0 
