100 334.5 62.54 718.52 135.48 3.345 0.6254 7.1852 1.3548
200 618.7 113.06 1550.62 288.94 3.0935 0.5653 7.7531 1.4447
300 982.92 169.38 2441.2 437.96 3.2764 0.5646 8.13733 1.45987
400 1230.54 216.98 3301.7 590.52 3.07635 0.54245 8.25425 1.4763
500 1585.28 283.42 4203.86 759.14 3.17056 0.56684 8.40772 1.51828
600 1969.62 343.78 5099.9 909.76 3.2827 0.572967 8.49983 1.51627
700 2407.58 403.76 5871.74 1038.78 3.4394 0.5768 8.3882 1.48397
800 2359.16 411.46 6900.62 1218.14 2.94895 0.514325 8.62577 1.52268
900 2943.48 496.58 7815.98 1390.62 3.27053 0.551756 8.68442 1.54513
1000 3166.34 543.62 8710.96 1547.48 3.16634 0.54362 8.71096 1.54748
1100 3420.36 606.86 9441.78 1668.84 3.10942 0.551691 8.58344 1.51713
1200 3871.62 653.54 10566.4 1870.14 3.22635 0.544617 8.80535 1.55845
1300 4028.16 695.24 11441.9 2032.54 3.09858 0.5348 8.80148 1.56349
1400 4349.22 753.66 12404.5 2182.16 3.10659 0.538329 8.86037 1.55869
1500 4797.38 805.12 13344.5 2340.5 3.19825 0.536747 8.89631 1.56033
1600 5259.66 883.66 13901.7 2448.14 3.28729 0.552287 8.68855 1.53009
1700 5575.9 944.68 15075 2642.58 3.27994 0.555694 8.86765 1.55446
1800 5775.58 949.46 16072.5 2827.02 3.20866 0.527478 8.92917 1.57057
1900 6191.62 1036.42 17167.9 2993.24 3.25875 0.545484 9.03573 1.57539
2000 6315.82 1050.96 17683.5 3123.02 3.15791 0.52548 8.84174 1.56151
2100 6284.42 1074.72 19019.7 3354.44 2.99258 0.511771 9.05698 1.59735
2200 6899.54 1190.68 19693.8 3413.3 3.13615 0.541218 8.95174 1.5515
2300 7331.02 1214.74 21091 3674.08 3.1874 0.528148 9.16999 1.59743
2400 7603.58 1219.24 21311.9 3722.68 3.16816 0.508017 8.87994 1.55112
2500 8637.88 1400.66 22325.9 3932.4 3.45515 0.560264 8.93037 1.57296
2600 7990.16 1336.48 23321.5 4072.92 3.07314 0.514031 8.96981 1.56651
2700 9260.54 1452.38 24584.9 4277.66 3.42983 0.537919 9.10552 1.58432
2800 8352.74 1404.86 25451.1 4436.38 2.98312 0.501736 9.08967 1.58442
2900 9173.84 1524.3 26186.6 4554.14 3.16339 0.525621 9.02987 1.57039
3000 9302.3 1529.24 27226.1 4765.12 3.10077 0.509747 9.07536 1.58837
3100 9453.02 1558.54 27709.1 4822.94 3.04936 0.502755 8.93841 1.55579
3200 10298.2 1683.66 29377.3 5115.08 3.21819 0.526144 9.1804 1.59846
3300 10010.2 1711.42 29841.6 5195.98 3.03339 0.518612 9.04292 1.57454
3400 10701.3 1795.92 30959.3 5366.56 3.14743 0.528212 9.10567 1.5784
3500 11015.1 1827.46 31779 5534.26 3.14716 0.522131 9.0797 1.58122
3600 10808.5 1826.98 32460.5 5697.86 3.00236 0.507494 9.01681 1.58274
3700 11768 1921.12 33657.8 5852.24 3.18055 0.519222 9.09671 1.58169
3800 12188.6 2007.36 34400.8 6018.96 3.20752 0.528253 9.05284 1.58394
3900 11480 2075.54 35641.7 6179.12 2.9436 0.53219 9.1389 1.58439
4000 13886.8 2205.02 36316.6 6346.9 3.47171 0.551255 9.07914 1.58672
4100 12494.7 2050.66 37264.1 6517.44 3.04748 0.500161 9.0888 1.58962
4200 13309.9 2235.56 38686.3 6661.16 3.16903 0.532276 9.21102 1.58599
4300 13806.7 2247.18 39043.8 6795.26 3.21087 0.5226 9.07994 1.58029
4400 13599.3 2300.06 40445.6 6984.74 3.09074 0.522741 9.19219 1.58744
4500 13392.3 2379.82 41431.3 7196.7 2.97606 0.528849 9.20696 1.59927
4600 13456.6 2273.34 41538 7257.96 2.92536 0.494204 9.02999 1.57782
4700 15233.3 2460.06 42622.7 7438.34 3.24113 0.523417 9.06866 1.58263
4800 15884.5 2537 44305.2 7656.52 3.30927 0.528542 9.23024 1.59511
4900 15887.4 2575 44814.8 7778.62 3.24232 0.52551 9.14588 1.58747
5000 15745.3 2645.1 45437.9 7925.54 3.14905 0.52902 9.08758 1.58511
5100 14989.1 2532.06 46822.3 8151.32 2.93904 0.496482 9.18084 1.5983
5200 16079.3 2749.3 47737.3 8293.36 3.09217 0.528712 9.18024 1.59488
5300 17115.3 2705.72 49293 8488.1 3.2293 0.510513 9.30057 1.60153
5400 15966 2655.08 49864.4 8626.76 2.95667 0.491681 9.23414 1.59755
5500 16815.7 2806.72 50979.7 8836.06 3.0574 0.510313 9.26903 1.60656
5600 18440.1 2950.2 51913.5 8935.48 3.29287 0.526821 9.27027 1.59562
5700 17769.8 2901.64 52503.2 9099.84 3.1175 0.50906 9.21108 1.59646
5800 18666.6 3056.2 53864.3 9264.46 3.21839 0.526931 9.28695 1.59732
5900 18349.6 2988.82 55223.1 9483.44 3.11011 0.50658 9.35984 1.60736
6000 19821.3 3196.78 55356.5 9622.96 3.30355 0.532797 9.22608 1.60383
6100 19441.8 3169.94 56271.3 9809.12 3.18718 0.519662 9.2248 1.60805
6200 19729.7 3248.04 56953.7 9882.5 3.1822 0.523877 9.18608 1.59395
6300 21159 3431.72 58099.1 10043.5 3.35857 0.544717 9.22208 1.59421
6400 19922.6 3277.78 58542.6 10140.3 3.11291 0.512153 9.14729 1.58442
6500 19304.9 3325.12 60245.3 10385.4 2.96999 0.511557 9.2685 1.59776
6600 19993.2 3461.46 61753.9 10613.7 3.02927 0.524464 9.35665 1.60813
6700 20096.9 3468.26 61993.4 10710.2 2.99954 0.517651 9.25274 1.59854
6800 23164.8 3760.36 63119.1 10852.5 3.40658 0.552994 9.28222 1.59596
6900 20619.3 3595.04 64732 11066.9 2.9883 0.52102 9.38144 1.6039
7000 19236.9 3336.48 64956.5 11192.6 2.74813 0.47664 9.27951 1.59894
7100 20395 3563.02 64378.6 11211.8 2.87253 0.501834 9.06741 1.57913
7200 23513.9 3828.7 67077.4 11527.5 3.26582 0.531764 9.3163 1.60104
7300 21236 3667.78 67617.8 11656.7 2.90904 0.502436 9.26272 1.59681
7400 22070.7 3718.66 68772.9 11953.8 2.98253 0.502522 9.29363 1.61537
7500 23094.8 3923.7 69271.5 11924.2 3.07931 0.52316 9.23619 1.58989
7600 22498.6 3823.94 71121.8 12257.2 2.96034 0.50315 9.35813 1.61279
7700 23650.2 4114.34 70013.2 12184.2 3.07145 0.53433 9.09262 1.58236
7800 23768.8 4167.18 72719.2 12503.5 3.04728 0.534254 9.32298 1.60301
7900 24845.6 4119.26 73073.3 12605.6 3.14501 0.521425 9.24978 1.59565
8000 25523.8 4286.96 74385.2 12897.6 3.19047 0.53587 9.29815 1.6122
8100 23497.2 4136.1 75221.7 12960.4 2.90089 0.51063 9.28663 1.60004
8200 25431.4 4188.66 75344.4 13045.2 3.10139 0.510812 9.18835 1.59088
8300 25610 4174.66 77387.7 13414.3 3.08554 0.502971 9.32381 1.61618
8400 26717 4480.1 77860.4 13500.9 3.1806 0.533345 9.2691 1.60725
8500 26695.6 4457.44 78396.1 13503.2 3.14066 0.524405 9.22307 1.58861
8600 28029.4 4538.54 79850.6 13810.8 3.25923 0.527737 9.28495 1.60591
8700 27499.8 4491.26 80166 13877.5 3.16089 0.516237 9.21448 1.59511
8800 27713.8 4542.28 81688.4 14091.6 3.14929 0.516168 9.28278 1.60132
8900 27066.5 4740.58 83182.8 14358.7 3.04118 0.532649 9.34638 1.61333
9000 27925.7 4768.74 84059.7 14446.2 3.10286 0.52986 9.33997 1.60514
9100 31415.7 5079.4 84605.2 14569.4 3.45227 0.558176 9.29727 1.60104
9200 28213.7 4835.1 85613.9 14806.2 3.06671 0.525554 9.30586 1.60937
9300 27905 4753.86 87044.7 14880 3.00054 0.511168 9.35965 1.6
9400 32032.3 5089.2 88214.6 15139.2 3.40769 0.541404 9.38453 1.61055
9500 30021.3 4924.84 87524.1 15128.1 3.16014 0.518404 9.21307 1.59243
9600 28742.8 4973.8 89229.9 15405.9 2.99404 0.518104 9.29478 1.60478
9700 30715.5 5343.18 89879.8 15535 3.16654 0.550843 9.26595 1.60154
9800 31632.5 5112.62 92110.2 15841.3 3.2278 0.521696 9.399 1.61646
9900 30681.6 5118.72 92472.9 15899.4 3.09915 0.517042 9.3407 1.606
10000 33983.2 5327.54 92754.2 16112.6 3.39832 0.532754 9.27542 1.61126
10100 33550.7 5338.16 94247.3 16281.5 3.32185 0.528531 9.33142 1.61203
10200 31222.5 5399.48 94511.8 16359.5 3.06103 0.529361 9.26586 1.60387
10300 34256 5407.36 94970 16496.2 3.32582 0.524986 9.22039 1.60157
10400 34105.3 5505.92 95478.9 16549.2 3.27935 0.529415 9.18067 1.59127
10500 30811.6 5438.7 98396.2 16996 2.93444 0.517971 9.37107 1.61866
10600 33182.3 5497.98 98233.2 16950.2 3.1304 0.518677 9.26728 1.59908
10700 35900 5772.98 101247 17285.2 3.35514 0.539531 9.4623 1.61544
10800 33181.8 5708.66 100720 17422.6 3.07239 0.52858 9.32594 1.6132
10900 33479.5 5652.8 101176 17509 3.07152 0.518606 9.28221 1.60633
11000 35472.7 5705.6 103826 17800.3 3.22479 0.518691 9.43876 1.61821
11100 35405.7 5593.96 103228 17862.4 3.1897 0.50396 9.29981 1.60923
11200 32707.9 5457.1 104709 18034.2 2.92034 0.487241 9.34898 1.6102
11300 35860.6 5904.72 103501 17837.1 3.17351 0.522542 9.15934 1.5785
11400 36757.5 6133.36 106750 18291.2 3.22434 0.538014 9.364 1.60449
11500 35736.7 5932.26 106893 18484.8 3.10754 0.515849 9.29507 1.60737
11600 36845.8 6103.78 109076 18666.5 3.17636 0.526188 9.40309 1.60918
11700 36174.9 6018.44 109055 18744.2 3.09187 0.514397 9.32091 1.60206
11800 34860.1 5906.22 109586 18931.3 2.95425 0.500527 9.28694 1.60434
11900 34454.2 5838.9 111169 19225.5 2.89531 0.490664 9.34194 1.61559
12000 40136.9 6378.46 113134 19472.9 3.34474 0.531538 9.42786 1.62274
12100 35443.8 6164.32 112022 19274.3 2.92924 0.509448 9.25804 1.59292
12200 36769.6 6368.26 114329 19763.2 3.0139 0.521989 9.37123 1.61994
12300 37150.6 6284.5 114542 19772.5 3.02037 0.510935 9.31235 1.60752
12400 39342.7 6473.14 115541 19862.3 3.1728 0.522027 9.31785 1.6018
12500 42559.2 6782.1 118369 20277.7 3.40474 0.542568 9.46954 1.62222
12600 41402.4 6617.68 117334 20287.9 3.2859 0.525213 9.31221 1.61015
12700 42770.5 6933.98 119604 20561.3 3.36775 0.545983 9.41762 1.619
12800 39533.4 6477.66 120897 20732.1 3.08855 0.506067 9.44507 1.6197
12900 41803 6998.14 121063 20773.9 3.24054 0.542491 9.38469 1.61038
13000 43250.5 6765.66 121325 20866.7 3.32696 0.520435 9.3327 1.60513
13100 41562.4 6935.1 123943 21258 3.1727 0.529397 9.46131 1.62275
13200 43341.6 7311.62 123407 21355.6 3.28345 0.553911 9.34903 1.61785
13300 44098.7 7295.36 125629 21514.2 3.31569 0.548523 9.44582 1.61761
13400 40359 6827.76 125666 21686.6 3.01186 0.509534 9.37808 1.6184
13500 42448.6 7164.54 126024 21803.4 3.14434 0.530707 9.33508 1.61506
13600 43153.4 7264.64 127361 22028.1 3.17305 0.534165 9.36475 1.61971
13700 41167.3 6935.02 126970 22128.8 3.00491 0.506206 9.26787 1.61524
13800 41387.1 6963.58 128873 22085.5 2.99907 0.504607 9.33865 1.6004
13900 43040.9 7237.46 129966 22404.2 3.09647 0.520681 9.35005 1.61182
14000 44069.6 7418.26 130488 22388.8 3.14783 0.529876 9.32057 1.5992
14100 40816.8 7053.34 131595 22828.4 2.89481 0.500237 9.33299 1.61904
14200 43059.7 7187.44 131438 22645.3 3.03237 0.506158 9.2562 1.59474
14300 43072.6 7242.42 133624 23054.5 3.01207 0.506463 9.34436 1.6122
14400 46376.7 7801.34 135463 23293.9 3.22061 0.54176 9.40717 1.61763
14500 45686.3 7668.88 134947 23395.4 3.15078 0.528888 9.30667 1.61348
14600 48687.1 7439.82 137084 23600.9 3.33473 0.509577 9.38934 1.6165
14700 48761.9 7883 136932 23620.4 3.31714 0.536259 9.3151 1.60683
14800 41618.4 7262.2 139365 23939.2 2.81206 0.490689 9.41655 1.61751
14900 44442 7578.04 139755 23974.3 2.98269 0.508593 9.37953 1.60901
15000 47379.6 7571.52 140238 24268.9 3.15864 0.504768 9.34923 1.61793
15100 46841.6 7907.98 139676 24218.4 3.1021 0.523707 9.25006 1.60386
15200 47354.8 7731.52 143924 24635.2 3.11545 0.508653 9.46871 1.62074
15300 48757.6 7840.42 141932 24588.2 3.18677 0.512446 9.27659 1.60707
15400 44842.3 7569.84 144229 24984.2 2.91184 0.491548 9.36552 1.62235
15500 44614.9 7831.86 147663 25109.1 2.87838 0.505281 9.52666 1.61994
15600 48071 8321.62 146439 25232.8 3.08147 0.533437 9.38711 1.61748
15700 48689.3 8106.68 146438 25278.8 3.10123 0.516349 9.32728 1.61012
15800 51167.7 7994.88 147843 25539.6 3.23846 0.506005 9.35714 1.61643
15900 49744.6 8443.46 149832 25749.7 3.12859 0.531035 9.42338 1.61948
16000 46652.7 8110.84 150381 25965.9 2.91579 0.506927 9.39881 1.62287
16100 50813.2 8439.8 150366 25847 3.1561 0.524211 9.33952 1.6054
16200 50634.3 8361.36 151179 26059.6 3.12558 0.516133 9.33202 1.60861
16300 52627.1 9015.84 154405 26479.5 3.22866 0.553119 9.47271 1.62451
16400 52378.9 8906.88 155006 26480.9 3.19384 0.543102 9.45156 1.61469
16500 48934.3 8535.86 154795 26800.1 2.96572 0.517325 9.38154 1.62425
16600 48662.5 8662.84 156084 26885.1 2.93148 0.521858 9.40266 1.61958
16700 53635.6 8845.08 155270 26696.3 3.21171 0.529646 9.29762 1.59858
16800 53426.6 9050.84 158472 27183.9 3.18016 0.53874 9.43289 1.61809
16900 54074.2 8829.62 161329 27387.3 3.19966 0.522463 9.54611 1.62055
17000 53798.9 9246.68 161529 27661.9 3.16464 0.543922 9.5017 1.62717
17100 49944.6 8691.36 159371 27555.6 2.92074 0.508267 9.31997 1.61144
17200 50256.5 8686.52 159446 27731.3 2.92189 0.50503 9.27012 1.61229
17300 54474.4 8936.24 163368 28086.9 3.14881 0.516546 9.44326 1.62352
17400 55886.7 9082.98 165168 28186.9 3.21188 0.52201 9.49243 1.61994
17500 50812.2 8430.88 164138 28367.7 2.90355 0.481765 9.3793 1.62101
17600 55113.7 9310.36 167596 28528.9 3.13146 0.528998 9.52249 1.62096
17700 53820.5 8921.46 165821 28398.4 3.04071 0.504037 9.3684 1.60443
17800 54781.8 9272.54 167987 28756.3 3.07763 0.520929 9.4375 1.61552
17900 54217.9 9194.98 167142 28987.7 3.02894 0.513686 9.33754 1.61943
18000 58552.7 9508.04 169994 29244.9 3.25293 0.528224 9.44409 1.62472
18100 56730 9505.64 170793 29178.4 3.13425 0.525173 9.43608 1.61207
18200 54925.1 9130.78 170714 29378 3.01786 0.501691 9.37991 1.61418
18300 55001 9636.3 174884 29724.3 3.00552 0.526574 9.55652 1.62428
18400 57354.8 9493.16 173650 29850.7 3.11711 0.515933 9.43751 1.62232
18500 56851 9849.78 173936 30001.7 3.07302 0.532421 9.40196 1.62171
18600 60394.9 9828.44 176441 30090.1 3.24704 0.528411 9.48607 1.61775
18700 58548.5 9914.82 176651 30276.1 3.13094 0.530204 9.44659 1.61904
18800 58437.2 9737.84 177923 30443.4 3.10836 0.51797 9.46396 1.61933
18900 57828.5 9726.26 178441 30532.7 3.05971 0.514617 9.44131 1.61549
19000 57676.5 9578.76 180553 30823.7 3.0356 0.504145 9.50278 1.6223
19100 58053.4 9828.5 179288 30903.6 3.03945 0.514581 9.38678 1.61799
19200 60652.3 9947.72 178752 30933.7 3.15898 0.51811 9.30998 1.61113
19300 59827.1 10098.6 181024 31239.3 3.09985 0.523246 9.37949 1.61862
19400 59609.8 10144 184741 31492.2 3.07267 0.522887 9.52275 1.62331
19500 61603.2 10181.2 184044 31571.4 3.15914 0.522113 9.43815 1.61905
19600 62039.8 10461.2 183968 31896.7 3.1653 0.533735 9.3861 1.62738
19700 59405.8 10187.1 185563 31994.6 3.01552 0.517114 9.41946 1.62409
19800 64222.1 10299.6 187901 32283.1 3.24354 0.520182 9.48994 1.63046
19900 57995.5 10181 187685 32341.4 2.91435 0.511609 9.43142 1.6252
20000 64734.5 10501.8 189050 32273.2 3.23673 0.525088 9.45251 1.61366
20100 68874.1 11190.6 192002 32662.4 3.42657 0.556747 9.55233 1.625
20200 58579.6 10149 191199 32740.6 2.89998 0.502428 9.46532 1.62082
20300 62688.9 10828 190583 32845 3.08812 0.533398 9.38834 1.61798
20400 63202.2 10708.9 193473 33225.8 3.09815 0.524944 9.48398 1.62872
20500 62956.4 10594.9 191728 33211.7 3.07104 0.516826 9.35259 1.62008
20600 59965.8 10437.1 194190 33498.1 2.91096 0.506657 9.4267 1.62612
20700 65003.3 10955.5 196204 33637.5 3.14026 0.529251 9.47844 1.625
20800 66065.1 11218 197012 33688.2 3.1762 0.539329 9.47173 1.61962
20900 63455.4 10491.3 197428 33928.2 3.03614 0.501977 9.44631 1.62336
21000 65714.1 10954.6 199674 34080.1 3.12924 0.521648 9.50829 1.62286
21100 64677.7 11100 196837 34004.5 3.0653 0.526065 9.32875 1.61159
21200 68799.3 11440.2 202764 34544.7 3.24525 0.539633 9.56433 1.62947
21300 70893 11332.7 201354 34596.2 3.32831 0.532054 9.45326 1.62423
21400 65019.2 10998.7 200643 34726.4 3.03828 0.513957 9.37585 1.62273
21500 67458.1 10458.2 202102 35008 3.13759 0.486429 9.40008 1.62828
21600 68153.9 10977.2 206722 35061.8 3.15527 0.508202 9.57045 1.62323
21700 63094.4 10982.7 204164 35188 2.90758 0.506114 9.40847 1.62157
21800 76323.3 12084.7 204494 35329.4 3.50107 0.554343 9.38044 1.62061
21900 71031.2 11547.5 207335 35610.2 3.24343 0.527284 9.46733 1.62603
22000 70709.4 11682.5 206474 35652.4 3.21406 0.531024 9.38519 1.62056
22100 66674.1 11442.5 209073 35803.7 3.01693 0.517759 9.46034 1.62008
22200 69711.9 11878.8 211500 35933.1 3.14017 0.535081 9.52705 1.61861
22300 68968.7 11910.8 211083 36220.5 3.09277 0.534118 9.4656 1.62424
22400 70659.6 11813.7 214263 36435.4 3.15445 0.527397 9.56533 1.62658
22500 72231.7 11776.7 212175 36728.4 3.2103 0.523408 9.42998 1.63238
22600 71955.3 11854.4 214440 36807.8 3.18386 0.524531 9.48851 1.62866
22700 65431.6 11317.7 214118 36997.1 2.88245 0.498575 9.43251 1.62983
22800 69596.2 11871.4 213622 36772.6 3.05247 0.520676 9.36939 1.61283
22900 72540.1 12042.6 216370 37168 3.16769 0.525879 9.44848 1.62306
23000 67825.9 11841.8 219576 37526 2.94895 0.514863 9.5468 1.63156
23100 70895.7 11254 217105 37468.7 3.06908 0.487187 9.39849 1.62202
23200 70229.5 11863.4 218995 37794.1 3.02713 0.511355 9.43943 1.62906
23300 68727.6 11871.1 217729 37324.8 2.94968 0.509489 9.34458 1.60192
23400 76574.8 12335.2 218239 37725.1 3.27243 0.527144 9.32644 1.61218
23500 68844.7 12028.6 221772 38189.2 2.92956 0.511854 9.43713 1.62507
23600 73776.5 12087.8 224693 38313.6 3.12612 0.512196 9.52091 1.62346
23700 70587.5 12103.5 225099 38444.4 2.97838 0.510696 9.49787 1.62212
23800 73272 12241.8 225658 38608.2 3.07865 0.51436 9.48145 1.62219
23900 73910 12573.6 227844 38850.6 3.09247 0.526094 9.53321 1.62555
24000 72820.6 12403.7 227274 39027.8 3.03419 0.51682 9.46976 1.62616
24100 72617.5 12020.7 229403 39199.5 3.01317 0.498785 9.51879 1.62653
24200 72144.7 12200.2 229100 39320.3 2.98118 0.50414 9.46696 1.6248
24300 76518.8 12548.8 232883 39620.3 3.14892 0.516412 9.58366 1.63046
24400 84458.5 13382.8 230608 39715.6 3.46141 0.548475 9.45113 1.62769
24500 84425.2 12898.5 232227 39634.4 3.44593 0.526469 9.47867 1.61773
24600 82393 13349.9 231416 39772.5 3.34931 0.542679 9.40715 1.61677
24700 78917.5 13326.8 234992 40086.6 3.19504 0.539547 9.51383 1.62294
24800 79306 13119.9 235076 40324.6 3.19782 0.52903 9.47886 1.62599
24900 77587.1 12760.7 237348 40488.7 3.11595 0.51248 9.53206 1.62605
25000 79115 12628.1 236447 40671.5 3.1646 0.505124 9.45789 1.62686
25100 85280.7 13829 238549 40864 3.39764 0.550955 9.50396 1.62805
25200 82022.1 13376.2 239596 41191.6 3.25485 0.530803 9.50778 1.63459
25300 75110.1 12920 240312 41284.4 2.96878 0.510673 9.49849 1.63179
25400 79393.1 12802.1 240827 41335.2 3.12571 0.504021 9.48139 1.62737
25500 82454.5 13442.6 242513 41706.3 3.23351 0.527159 9.51032 1.63554
25600 79356.3 13284.6 239268 41464.9 3.09986 0.51893 9.34639 1.61972
25700 73641.3 12688.8 246395 41767 2.86542 0.493728 9.58736 1.62518
25800 81656.5 13166.3 246596 42086.3 3.16498 0.510323 9.558 1.63125
25900 81125.3 13920.1 241655 41706.2 3.13225 0.537456 9.33031 1.61028
26000 82883.6 13794.1 246317 42095.7 3.18783 0.530543 9.47374 1.61906
26100 85320.3 13971.1 244869 42329.3 3.26898 0.535291 9.38194 1.62181
26200 78926.9 13621 247287 42330.6 3.01248 0.519885 9.43844 1.61567
26300 79610.7 14040.2 249128 42685.6 3.02702 0.533848 9.47256 1.62303
26400 80302.9 13350.4 250301 43030.6 3.04178 0.505698 9.48111 1.62995
26500 80720.6 13813.6 250751 42975.1 3.04606 0.521269 9.46231 1.6217
26600 77956.5 13300.8 251179 43281.9 2.9307 0.50003 9.44283 1.62714
26700 80606.4 13956.6 252023 43283.5 3.01896 0.522721 9.43905 1.6211
26800 86607.8 14699.3 253916 43564.7 3.23164 0.548481 9.47447 1.62555
26900 77754.8 13018.5 253053 43567.9 2.89051 0.483959 9.40719 1.61962
27000 87141.5 14580.2 255489 44045.6 3.22746 0.540006 9.46256 1.63132
27100 80562.4 13859.6 255345 44188.2 2.97278 0.511424 9.42232 1.63056
27200 82901.5 13907.9 258826 44232.5 3.04785 0.511319 9.51566 1.62619
27300 85898.6 14024.1 257675 44395.7 3.14647 0.513703 9.43863 1.62622
27400 89340.9 14465.9 262430 44655 3.26062 0.527951 9.57772 1.62974
27500 83149.3 13698.7 261822 44598.8 3.02361 0.498135 9.52078 1.62177
27600 88440.8 14258.3 259167 44607 3.20438 0.516604 9.39012 1.6162
27700 85967.4 14492.3 259806 44934.3 3.10352 0.523188 9.37926 1.62218
27800 92415.9 15256.7 262582 44931.6 3.32431 0.548801 9.44538 1.61624
27900 83845.3 14293.7 264340 45357.7 3.00521 0.512319 9.47454 1.62572
28000 88157.1 14663.2 266434 45513.9 3.14847 0.523684 9.51549 1.62549
28100 83023.6 14070.3 267958 45835 2.95458 0.500722 9.53589 1.63114
28200 87301.3 14899.6 266883 45800 3.09579 0.528356 9.46395 1.62411
28300 89029.8 14903.4 266092 45890.1 3.14593 0.526623 9.40255 1.62156
28400 86193.6 14350.3 270586 46283.8 3.03499 0.505292 9.52768 1.62971
28500 93456.1 15500.4 270165 46285.7 3.27916 0.543875 9.47948 1.62406
28600 92305.7 15359.7 270413 46383.4 3.22747 0.537052 9.45501 1.6218
28700 89812.4 14921.1 271082 46588.2 3.12935 0.5199 9.44538 1.62328
28800 90283.9 14849.9 270197 46404.3 3.13486 0.515621 9.38183 1.61126
28900 91430.8 14995.9 277194 47247.1 3.1637 0.518891 9.5915 1.63485
29000 90846.7 14964.9 272659 46916.2 3.13264 0.51603 9.40204 1.6178
29100 93660 15129.2 273924 47057.6 3.21856 0.519903 9.4132 1.6171
29200 91552.5 14657.6 276330 47428.6 3.13536 0.501973 9.46337 1.62427
29300 87116.8 15266.8 282214 47827 2.97327 0.52105 9.63188 1.63232
29400 88097.5 14736.3 277634 47621.9 2.99651 0.501235 9.44334 1.61979
29500 93829.1 15415.8 277818 47731.8 3.18065 0.522569 9.41755 1.61803
29600 92287.4 15432.6 277308 48003.5 3.11782 0.521371 9.3685 1.62174
29700 87997.8 14978.9 283941 48329 2.96289 0.504341 9.5603 1.62724
29800 84706.4 14565.7 280013 48019.7 2.8425 0.488783 9.3964 1.6114
29900 90321.3 15367.8 283803 48435.1 3.02078 0.513973 9.49173 1.6199
30000 93493.9 15791.1 285876 48913.4 3.11646 0.526371 9.5292 1.63045
30100 97368.6 16196 287640 48712 3.23484 0.538074 9.55616 1.61834
30200 91557.6 15431.6 285491 49091.3 3.03171 0.510979 9.45336 1.62554
30300 94489.3 15341.4 287047 49062.9 3.11846 0.506317 9.47348 1.61924
30400 98750.4 16489.4 287505 49172 3.24837 0.542416 9.45739 1.6175
30500 94663.5 15867 291765 49813.9 3.10372 0.520231 9.56606 1.63324
30600 92000.3 16172.5 288455 49407.9 3.00654 0.528513 9.42662 1.61464
30700 97378 16386.7 294205 49980.2 3.17192 0.533769 9.58323 1.62802
30800 92260.5 15765.9 292735 50209.6 2.99547 0.511879 9.50437 1.63018
30900 97132.9 16188.7 291502 50116.3 3.14346 0.523907 9.43372 1.62189
31000 94310.7 15749.7 294086 50454.7 3.04228 0.508055 9.48663 1.62757
31100 95158.7 16148.9 291661 50107.3 3.05976 0.519258 9.37817 1.61117
31200 96128.6 16424 296742 50938.8 3.08105 0.526409 9.51097 1.63265
31300 96168.3 16360.8 297428 51063.2 3.07247 0.522709 9.50251 1.63141
31400 101917 16160.2 299295 51250.5 3.24576 0.514657 9.53168 1.63218
31500 93761.1 15422.1 302940 51432.2 2.97654 0.489591 9.61714 1.63277
31600 100128 16699.4 299867 51017.8 3.16861 0.528463 9.48947 1.61449
31700 96205.3 16425.6 299105 51549.2 3.03487 0.518158 9.43549 1.62616
31800 93628.2 16372.7 304332 51954.8 2.94428 0.514864 9.5702 1.6338
31900 96334.8 16432 301517 51671.3 3.0199 0.515111 9.45195 1.61979
32000 103895 17122.9 302331 52141.5 3.24673 0.53509 9.44784 1.62942
32100 94954.9 16781 306811 52221.3 2.9581 0.522773 9.55797 1.62683
32200 102857 16454.7 307556 52728.9 3.19432 0.511017 9.55143 1.63754
32300 101250 16930.3 305397 52495.4 3.13468 0.524158 9.45502 1.62524
32400 98333.1 16231.2 309089 52876.7 3.03497 0.500964 9.53979 1.632
32500 100707 16824.7 303811 52448.4 3.09867 0.517682 9.34802 1.6138
32600 95943.9 16626.2 311319 53140.6 2.94306 0.510007 9.54966 1.63008
32700 103587 17170.4 307298 52610.2 3.16779 0.525089 9.3975 1.60888
32800 107316 16404.9 308594 53486.4 3.27183 0.500149 9.40834 1.63068
32900 109513 17427.4 312157 53436.1 3.32867 0.529709 9.48807 1.6242
33000 100456 17148.3 318502 53530.3 3.04412 0.519646 9.65157 1.62213
33100 101450 17232.6 313988 53727.2 3.06495 0.520622 9.48604 1.62318
33200 99081.5 17108.9 314962 54213.8 2.98438 0.515328 9.4868 1.63295
33300 106661 16839.6 319698 54507.2 3.20304 0.505694 9.60053 1.63685
33400 103243 16912.8 316018 53962.6 3.09109 0.506371 9.46162 1.61565
33500 94410.9 16490.3 316559 54115.5 2.81824 0.492247 9.44953 1.61539
33600 113409 18812.3 322970 54729.5 3.37526 0.559889 9.61219 1.62885
33700 105332 17348.7 317635 54700 3.12558 0.514798 9.42538 1.62315
33800 102755 17640.9 322063 55021.3 3.04008 0.52192 9.5285 1.62785
33900 109181 17678.8 324065 55329.5 3.22069 0.521499 9.55943 1.63214
34000 110270 18316.3 324306 55469.5 3.24323 0.538715 9.53842 1.63146
34100 115891 18607.6 325957 55508.1 3.39856 0.545676 9.55885 1.6278
34200 113685 18024 325321 55670.1 3.32412 0.527019 9.51231 1.62778
34300 101438 17469.6 329398 55981.6 2.95737 0.509318 9.60343 1.63212
34400 103277 18190.6 330437 56094.3 3.00225 0.528797 9.60574 1.63065
34500 106691 18007.8 329392 56123.4 3.0925 0.521966 9.5476 1.62677
34600 105150 18198.3 328449 56128.7 3.03902 0.525962 9.49273 1.62222
34700 109888 18051.5 325683 56142.9 3.16681 0.520216 9.38568 1.61795
34800 105754 18496.9 330370 56531.6 3.0389 0.531519 9.49339 1.62447
34900 113356 18957.2 331212 56678.7 3.24801 0.543185 9.49032 1.62403
35000 111430 18365 330702 56923.3 3.18372 0.524714 9.44864 1.62638
35100 113978 18213.6 334551 56998.6 3.24723 0.518905 9.53136 1.62389
35200 117604 18597.7 332231 57127.1 3.34101 0.528344 9.43838 1.62293
35300 109645 18467.5 331841 57093.8 3.10608 0.523159 9.40061 1.61739
35400 114441 18571 338002 57594.2 3.2328 0.524603 9.54807 1.62696
35500 118600 18964.9 337517 57951.1 3.34084 0.534224 9.50753 1.63242
35600 119845 19246.5 335252 57809.7 3.36643 0.540633 9.41719 1.62387
35700 109536 18109.6 339896 58421.1 3.06824 0.507273 9.52089 1.63645
35800 113104 18900.5 344819 58325.4 3.15933 0.527948 9.63181 1.6292
35900 109202 18444.6 339441 58178 3.04183 0.513777 9.45519 1.62056
36000 114119 18960 342732 58472.3 3.16998 0.526666 9.52034 1.62423
36100 112715 18505.4 346695 59064 3.1223 0.512616 9.60373 1.63612
36200 113672 18801.7 342873 58879.3 3.1401 0.519385 9.47163 1.6265
36300 112386 18188.8 346423 59042.4 3.09604 0.501069 9.54333 1.62651
36400 117238 19499.4 342805 58844.5 3.22081 0.535697 9.41771 1.61661
36500 114974 19348.2 348390 59519.6 3.14997 0.530087 9.54493 1.63067
36600 116379 19084.4 349405 59512.5 3.17977 0.521431 9.5466 1.62602
36700 116253 19504.1 347981 59493.2 3.16766 0.531446 9.48177 1.62107
36800 118149 19830.6 351173 59882.3 3.21057 0.538875 9.54275 1.62724
36900 111944 18864.1 353945 60239.9 3.03372 0.511222 9.59202 1.63252
37000 114663 18963.7 351996 60472.6 3.09899 0.512532 9.51341 1.63439
37100 111971 18851.6 353255 60462.3 3.0181 0.50813 9.52169 1.62971
37200 115763 18967.9 350409 60108.6 3.1119 0.509891 9.41959 1.61582
37300 108575 18984.7 351462 60422.3 2.91087 0.508972 9.42258 1.6199
37400 112256 19830.6 356143 60774 3.00151 0.530229 9.52254 1.62497
37500 122044 19773.7 355020 60710.5 3.25451 0.527299 9.4672 1.61895
37600 122585 19823.9 353894 61441 3.26024 0.527231 9.41208 1.63407
37700 122953 20465 356273 61371.7 3.26136 0.542838 9.4502 1.6279
37800 123037 20569.1 359159 61187.5 3.25494 0.544156 9.50155 1.61872
37900 127375 20771.7 358703 61561.1 3.36082 0.548067 9.46446 1.6243
38000 119040 19799.3 361632 62069.4 3.13263 0.521035 9.51664 1.6334
38100 118187 19829.4 359487 61807.8 3.10201 0.520458 9.43535 1.62225
38200 113378 19720.4 364255 62420 2.96801 0.516241 9.53547 1.63403
38300 126601 20484.5 361205 62336.1 3.3055 0.534842 9.43095 1.62757
38400 124735 19798.8 366601 62807.2 3.24831 0.515593 9.5469 1.6356
38500 124542 20541.9 367874 62999.3 3.23486 0.533555 9.55518 1.63635
38600 112116 19320.4 365515 62654.5 2.90455 0.500529 9.4693 1.62317
38700 122336 20532.2 366398 62864.9 3.16114 0.530549 9.46765 1.62442
38800 118289 20515.9 369091 62965 3.04868 0.52876 9.51266 1.62281
38900 117100 19373.1 369528 63294.8 3.01029 0.498022 9.49944 1.62711
39000 123479 20580.9 372125 63736.6 3.16613 0.527716 9.54167 1.63427
39100 124350 21405.8 373610 63461.9 3.18031 0.547463 9.55523 1.62307
39200 119747 20871.9 372172 63903.6 3.05478 0.532445 9.49417 1.63019
39300 128990 20932.8 377523 64199.3 3.28219 0.532641 9.60619 1.63357
39400 119491 20972.3 376056 64052 3.03276 0.532292 9.54456 1.62569
39500 119693 19806.4 375909 64501.6 3.0302 0.501428 9.5167 1.63295
39600 113406 20132.5 376448 64635 2.86379 0.508396 9.50626 1.6322
39700 126415 20660.6 377370 64920.8 3.18425 0.520418 9.50555 1.63528
39800 125201 21469.7 378335 64761.9 3.14575 0.539441 9.50589 1.62718
39900 134492 21769.2 377947 65118 3.37073 0.545593 9.47237 1.63203
40000 126970 20761.2 376950 64703.9 3.17425 0.519031 9.42374 1.6176
40100 123382 20584 383347 65403.2 3.07686 0.513317 9.55978 1.631
40200 119286 20727.6 383650 65724 2.96731 0.515613 9.54353 1.63492
40300 133193 21310.8 380354 65316.4 3.30505 0.528803 9.43808 1.62075
40400 120250 20999.5 386040 66038.4 2.97648 0.519791 9.55545 1.63461
40500 124055 21231.8 384269 65953.7 3.06309 0.524241 9.48812 1.62849
40600 116846 20339.1 387307 66318.6 2.87798 0.500963 9.53959 1.63346
40700 128660 21272.9 388047 66250.1 3.16118 0.522675 9.53434 1.62777
40800 121581 20931.2 386697 66103.8 2.97993 0.513019 9.47787 1.62019
40900 134174 22122.9 390860 66913.1 3.28053 0.540902 9.55649 1.63602
41000 129205 21033.8 392651 66973.4 3.15134 0.51302 9.57686 1.6335
41100 124564 21308.9 389063 66911.8 3.03076 0.518466 9.46626 1.62802
41200 131717 21748.8 396054 67217.8 3.197 0.527883 9.61297 1.6315
41300 122046 21103.7 394335 67308.6 2.95511 0.510985 9.54806 1.62975
41400 126857 21174.2 392741 67310.9 3.06419 0.511454 9.48651 1.62587
41500 120080 21192.1 390446 67414.8 2.89349 0.510652 9.40834 1.62445
41600 129232 21336.2 395723 67991.6 3.10654 0.51289 9.51257 1.63441
41700 134311 22227.8 396246 68146.5 3.22088 0.53304 9.5023 1.63421
41800 137145 22277.1 400049 68509.5 3.28098 0.532944 9.57054 1.63898
41900 135726 22488.3 403609 68628 3.23927 0.536713 9.63267 1.6379
42000 135756 21878.7 399617 68533.7 3.23228 0.52092 9.51469 1.63175
42100 129945 21707 399774 68921.7 3.08657 0.515606 9.49582 1.63709
42200 134928 22603.4 399462 68481 3.19735 0.535626 9.46592 1.62277
42300 129826 21986.5 406656 69314.9 3.06918 0.519776 9.61362 1.63865
42400 133889 21603.6 404062 69180.7 3.15775 0.509518 9.52977 1.63162
42500 129133 22580.7 406418 69100.4 3.03842 0.531311 9.56279 1.62589
42600 131649 22673.1 405398 69543.2 3.09035 0.532232 9.51638 1.63247
42700 135133 22372.3 409440 69798.1 3.16472 0.523941 9.58877 1.63462
42800 131403 22635.4 407670 69630.9 3.07017 0.528864 9.52499 1.62689
42900 137304 22806.6 408881 69909.9 3.20056 0.531621 9.53102 1.6296
43000 145049 23291.2 414862 70296.2 3.37324 0.541656 9.64794 1.6348
43100 138493 22322.4 413375 70305 3.21329 0.51792 9.59107 1.63121
43200 131221 21706.9 413616 70579.4 3.03752 0.502475 9.57446 1.63378
43300 137530 22447 410508 70492.4 3.17622 0.518406 9.48056 1.628
43400 135788 22581.8 415389 70852.3 3.12875 0.520317 9.57117 1.63254
43500 126550 21610.7 413418 70362.6 2.90919 0.496799 9.50386 1.61753
43600 138760 23183.6 414388 71329.8 3.18257 0.531734 9.50431 1.636
43700 135156 22878.2 416582 71390.6 3.09281 0.523528 9.53276 1.63365
43800 139071 23295.5 416288 70820.7 3.17513 0.53186 9.5043 1.61691
43900 125077 22574.5 418376 71783.6 2.84913 0.514226 9.5302 1.63516
44000 133299 22773.9 420437 71771.9 3.02952 0.51759 9.55538 1.63118
44100 131507 22445.1 421938 72057.1 2.98202 0.508959 9.56776 1.63395
44200 137862 22348.3 422434 72246.2 3.11904 0.505617 9.55733 1.63453
44300 136627 22804 421371 72130.5 3.08413 0.514764 9.51177 1.62823
44400 148902 24188.8 427210 72714.4 3.35365 0.544792 9.62185 1.63771
44500 139115 23259.1 425726 72546.4 3.12619 0.522676 9.56687 1.63026
44600 141794 24062.1 425705 72804.2 3.17924 0.539508 9.54495 1.63238
44700 137545 23064.1 424533 72677 3.07707 0.515975 9.49739 1.62588
44800 145128 23428.9 427280 73134.1 3.23947 0.522967 9.5375 1.63246
44900 137752 23390.6 429479 73453.8 3.06798 0.52095 9.56522 1.63594
45000 126612 21924.6 430165 73341.8 2.8136 0.487213 9.55923 1.62982
45100 140648 24071.5 427481 73253.7 3.11858 0.533736 9.47852 1.62425
45200 137608 23308.4 434837 73812.1 3.04442 0.515673 9.6203 1.63301
45300 143891 23589.6 431937 73723 3.17641 0.520742 9.53504 1.62744
45400 142176 24215.1 427968 73350 3.13164 0.533373 9.42661 1.61564
45500 135082 22515.4 429910 73895.7 2.96883 0.494845 9.44858 1.62408
45600 145706 24405.9 438567 74579.1 3.19532 0.535218 9.61769 1.63551
45700 139403 23395.6 433452 74009.7 3.05039 0.511938 9.48473 1.61947
45800 144250 23463.8 432613 74144.6 3.14955 0.51231 9.4457 1.61888
45900 142427 23610.9 439197 74910.7 3.10299 0.514398 9.56855 1.63204
46000 156945 25192.9 436071 75238.1 3.41184 0.547672 9.4798 1.63561
46100 142736 23125.7 430861 74433.3 3.09622 0.501643 9.34623 1.61461
46200 160200 25718.4 436595 74949.4 3.46752 0.556675 9.45011 1.62228
46300 146273 24105.1 440506 75595.4 3.15925 0.520629 9.51417 1.63273
46400 144811 23804.5 441824 75710.2 3.12094 0.513028 9.52207 1.63168
46500 142352 23741.6 441723 75943.1 3.06132 0.510571 9.49943 1.63319
46600 157265 25781.5 442054 76088.8 3.37478 0.553251 9.48614 1.63281
46700 143412 24063.9 444715 75743.9 3.07092 0.515286 9.5228 1.62193
46800 156502 25199.2 444328 76241.3 3.34406 0.538444 9.49418 1.62909
46900 149089 24991.9 451064 76764.1 3.17888 0.532876 9.61757 1.63676
47000 133116 23432.9 445503 76585.2 2.83225 0.498573 9.47878 1.62947
47100 153349 24964.9 446368 76276.3 3.25581 0.530041 9.47703 1.61945
47200 161797 26153.5 456298 77074.2 3.4279 0.5541 9.66732 1.63293
47300 159568 25233.9 453440 77327.6 3.37352 0.533486 9.58646 1.63483
47400 146064 24129.3 447553 76855.6 3.08151 0.509056 9.44205 1.62143
47500 151499 24615.2 453751 77445.3 3.18945 0.518214 9.55264 1.63043
47600 145340 25090.3 453116 77626.5 3.05336 0.527107 9.51923 1.63081
47700 144951 24469.8 456106 77632.6 3.03881 0.512995 9.56197 1.62752
47800 151639 26099.2 454334 78185.5 3.17237 0.546008 9.5049 1.63568
47900 152539 25455.8 457194 78096.8 3.18453 0.531436 9.54477 1.63041
48000 149520 23847 454094 78544.1 3.115 0.496813 9.4603 1.63633
48100 159405 25581.6 457496 78611.2 3.31403 0.531842 9.51135 1.63433
48200 156980 25822.3 456958 77804.8 3.25685 0.535733 9.48047 1.61421
48300 154326 25975.6 461124 79051.4 3.19516 0.537798 9.54709 1.63667
48400 158497 26618 458816 79092.2 3.27473 0.549958 9.47968 1.63414
48500 150040 25124 462026 78409.2 3.09361 0.518021 9.52632 1.61668
48600 152682 25667.8 465224 79645.1 3.14161 0.528144 9.57251 1.63879
48700 151661 25898.7 462880 78763.3 3.11419 0.531801 9.50471 1.61732
48800 150915 24876 459850 79346.4 3.09252 0.509754 9.42316 1.62595
48900 148975 25338.7 473438 80039.2 3.04653 0.518173 9.68176 1.63679
49000 156128 24650.1 462851 79405.8 3.18629 0.503062 9.44595 1.62053
49100 149153 25630 471499 80363.7 3.03774 0.521996 9.60283 1.63674
49200 152132 25579.4 469587 80226.1 3.09212 0.519907 9.54444 1.63061
49300 145631 25202.5 467946 80538.7 2.95397 0.511206 9.49182 1.63364
49400 166169 26327.9 472200 80700.6 3.36374 0.532954 9.55871 1.63361
49500 152836 25884 473488 80867.5 3.0876 0.522909 9.56541 1.63369
49600 156268 26592.8 475188 81249.9 3.15057 0.536145 9.58041 1.6381
49700 162019 26420.7 477532 81400.9 3.25995 0.531604 9.6083 1.63785
49800 166793 27139.9 475019 81648.2 3.34925 0.544978 9.53854 1.63952
49900 164858 25646.8 479096 81380.2 3.30376 0.513964 9.60113 1.63087
50000 162763 25860.7 477822 81596.8 3.25525 0.517214 9.55643 1.63194
