100 383.5 70.9 742.36 144.32 3.835 0.709 7.4236 1.4432
200 684.18 121.3 1528.18 280.96 3.4209 0.6065 7.6409 1.4048
300 1069.64 188.82 2338.14 421.66 3.56547 0.6294 7.7938 1.40553
400 1336.52 231.22 3338.68 599.32 3.3413 0.57805 8.3467 1.4983
500 1901.78 312.52 4139.32 742.92 3.80356 0.62504 8.27864 1.48584
600 2226.96 369.36 5151.76 922.56 3.7116 0.6156 8.58627 1.5376
700 2368.94 411.4 6046.78 1087.58 3.3842 0.587714 8.63826 1.55369
800 2640.38 458.04 7026.34 1243.32 3.30048 0.57255 8.78293 1.55415
900 3210.48 527.82 7945 1399.14 3.5672 0.586467 8.82778 1.5546
1000 3750.24 615.8 8713.2 1550.36 3.75024 0.6158 8.7132 1.55036
1100 3998.6 661.2 9391.9 1670.06 3.63509 0.601091 8.53809 1.51824
1200 4048.78 684.46 10567.1 1863.88 3.37398 0.570383 8.80593 1.55323
1300 4477.82 763.1 11399.7 2010.32 3.44448 0.587 8.76903 1.5464
1400 4552.82 777.94 12278.9 2182.66 3.25201 0.555671 8.77066 1.55904
1500 5072.44 849.18 13411.7 2352.92 3.38163 0.56612 8.94113 1.56861
1600 5662.34 959.16 13731.2 2438.48 3.53896 0.599475 8.58199 1.52405
1700 5782.4 985.54 15120.2 2659.1 3.40141 0.579729 8.89422 1.56418
1800 5891.54 1009.86 16048.8 2838.92 3.27308 0.561033 8.91602 1.57718
1900 6629.62 1106.6 16711.8 2931.9 3.48927 0.582421 8.79571 1.54311
2000 6911.02 1169.88 17828.8 3134.5 3.45551 0.58494 8.91441 1.56725
2100 7202.1 1220.38 18706.5 3261.14 3.42957 0.581133 8.90784 1.55292
2200 7928.48 1280.9 19731.1 3461.12 3.60385 0.582227 8.96866 1.57324
2300 8094.04 1308.04 20602.3 3603.54 3.51915 0.568713 8.95751 1.56676
2400 8008.88 1369.32 21568.9 3772.96 3.33703 0.57055 8.98704 1.57207
2500 8814.06 1460.8 22441.3 3979.76 3.52562 0.58432 8.97653 1.5919
2600 8818.38 1446.24 23527.3 4117.68 3.39168 0.556246 9.04896 1.58372
2700 9433.72 1549.54 24152.5 4205.62 3.49397 0.573904 8.94539 1.55764
2800 9529.82 1610.92 25251.2 4395.38 3.40351 0.575329 9.01827 1.56978
2900 9602 1644.42 25669.4 4436.98 3.31103 0.567041 8.85152 1.52999
3000 10049.1 1702.98 26188 4537.72 3.34971 0.56766 8.72933 1.51257
3100 10839.8 1778.1 28092.6 4937.72 3.4967 0.573581 9.06214 1.59281
3200 10608.4 1754.84 28602.5 4923.82 3.31514 0.548388 8.93827 1.53869
3300 11097.8 1871.94 29851.3 5147.08 3.36296 0.567255 9.04585 1.55972
3400 12375.9 2014.46 31157.8 5413.44 3.63997 0.592488 9.16405 1.59219
3500 11614.3 1986.84 31769 5529.3 3.31837 0.567669 9.07686 1.5798
3600 12666.5 2109.1 32043.4 5645.92 3.51848 0.585861 8.90094 1.56831
3700 13032.7 2129.5 33511.8 5854.24 3.52235 0.575541 9.05725 1.58223
3800 13637.6 2244 34333.9 5955.2 3.58883 0.590526 9.03524 1.56716
3900 14101.8 2231.92 35159.9 6123.98 3.61584 0.572287 9.01536 1.57025
4000 12864.8 2213.84 36026.5 6315.84 3.2162 0.55346 9.00662 1.57896
4100 13464.2 2326.78 38009.1 6582.52 3.28395 0.567507 9.27052 1.60549
4200 14598.9 2447.6 38579.1 6737.1 3.47592 0.582762 9.18551 1.60407
4300 13754.2 2409.26 39368.7 6858.1 3.19866 0.560293 9.15552 1.59491
4400 14054.3 2450 39712.8 6881.2 3.19417 0.556818 9.02564 1.56391
4500 13824.4 2432.64 41196.7 7193.84 3.07209 0.540587 9.15482 1.59863
4600 16342.2 2685.1 42693.2 7378.76 3.55265 0.583717 9.28114 1.60408
4700 15139.1 2558.94 42783.1 7461.42 3.22109 0.544455 9.10278 1.58754
4800 15656.3 2714.02 43233.4 7513.44 3.26174 0.565421 9.00696 1.5653
4900 17166 2806.52 44409.1 7703.78 3.50326 0.572759 9.06309 1.5722
5000 18027 2920.54 45416.1 7942.88 3.6054 0.584108 9.08322 1.58858
5100 17582.6 2881.8 46908.5 8145.26 3.44758 0.565059 9.19774 1.59711
5200 16677.6 2831.78 47772.6 8271.64 3.20722 0.544573 9.18704 1.5907
5300 18892.4 3061.64 49035.6 8514.1 3.5646 0.577668 9.252 1.60643
5400 18859.8 3031.46 48322.1 8491.22 3.49255 0.561381 8.94853 1.57245
5500 18967 3102.5 50334.1 8771.14 3.44854 0.564091 9.15166 1.59475
5600 18354.8 3102.76 49827.4 8697.4 3.27765 0.554064 8.89775 1.55311
5700 19551.5 3299.5 52749.9 9154.24 3.43008 0.57886 9.25437 1.60601
5800 21000 3390.8 53833.1 9291.38 3.62069 0.584621 9.28157 1.60196
5900 17998.2 3259.84 54062.3 9387.7 3.05054 0.552515 9.1631 1.59114
6000 21378.5 3471.8 53600.4 9412.52 3.56308 0.578633 8.93339 1.56875
6100 20114 3375.8 56486.6 9807.7 3.29737 0.55341 9.2601 1.60782
6200 21063.8 3551.88 56722.1 9824.7 3.39739 0.572884 9.14873 1.58463
6300 20655.5 3501.38 58109.9 10037.3 3.27865 0.555775 9.2238 1.59322
6400 21263.7 3588.8 57928.1 10102.9 3.32245 0.56075 9.05127 1.57858
6500 22154.9 3653.5 58852.6 10242.9 3.40845 0.562077 9.05424 1.57583
6600 22446.1 3765.2 61511 10619.6 3.40092 0.570485 9.31985 1.60903
6700 22212.3 3775.54 62283.7 10712.2 3.31527 0.563513 9.29608 1.59884
6800 21303.1 3783.68 62917.3 10890.2 3.13281 0.556424 9.25254 1.6015
6900 22325.4 3797.08 64031.2 11056.9 3.23556 0.550301 9.27989 1.60246
7000 23544.2 3905.66 64250.5 11015.4 3.36345 0.557951 9.17864 1.57363
7100 23678 3962.42 66191.2 11445.7 3.33493 0.558087 9.32271 1.61207
7200 25183.4 4158.66 66562.6 11536.6 3.49769 0.577592 9.24481 1.60231
7300 24268.4 4020.7 68030.7 11788.6 3.32444 0.550781 9.31927 1.61488
7400 25095.6 4231.62 68878.4 11898.4 3.39129 0.571841 9.30789 1.60789
7500 26787.7 4340.68 67920 11821.8 3.57169 0.578757 9.05599 1.57623
7600 25224.9 4229.78 68349.7 11901.5 3.31907 0.55655 8.99338 1.56599
7700 24454.4 4280.14 70895 12257.7 3.17589 0.555862 9.20714 1.59191
7800 26703.9 4421.16 72037.7 12478.4 3.42357 0.566815 9.2356 1.59979
7900 27154 4571.22 73101.2 12685.6 3.43722 0.578635 9.25331 1.60578
8000 26718.6 4521.38 74987.3 12944.8 3.33983 0.565172 9.37341 1.6181
8100 25954.2 4457.8 72812.4 12581.7 3.20423 0.550346 8.98919 1.5533
8200 26471 4572.84 75789.7 13231.9 3.22817 0.557663 9.24265 1.61364
8300 28008.5 4742.98 77183.7 13360.1 3.37452 0.571443 9.29924 1.60966
8400 28490 4806.6 79390 13552.8 3.39167 0.572214 9.45119 1.61343
8500 28390.4 4774.38 78497.8 13585.8 3.34004 0.561692 9.23503 1.59833
8600 28127.5 4732.68 79814.5 13818.5 3.27063 0.550312 9.28076 1.6068
8700 30008.4 4955.9 80030.7 13731.8 3.44925 0.569644 9.19893 1.57836
8800 31755.7 5035.34 80348.5 14025.2 3.6086 0.572198 9.13051 1.59377
8900 31796.8 5223.88 81831 14253.6 3.57267 0.586953 9.19449 1.60153
9000 31141.2 5267.22 83140.4 14377.6 3.46014 0.585247 9.23782 1.59751
9100 32562 5388.76 82687.7 14490 3.57824 0.592171 9.08656 1.5923
9200 30151.5 5239.92 85723.1 14760 3.27734 0.569557 9.31773 1.60435
9300 30587 5239.5 86582.5 14884 3.28892 0.563387 9.30994 1.60043
9400 31047.5 5251.52 86708.5 14963.9 3.30293 0.558672 9.22431 1.59191
9500 34451.4 5519.86 88813.4 15223.8 3.62646 0.581038 9.34878 1.60251
9600 31664.1 5339 88360.2 15210.7 3.29835 0.556146 9.20419 1.58445
9700 36573.1 5796.42 89093.2 15453.4 3.77043 0.597569 9.18487 1.59313
9800 31015.4 5273.58 92135.8 15891.3 3.16484 0.53812 9.40161 1.62156
9900 34827.8 5768.38 93150.2 16025.4 3.51796 0.582665 9.40912 1.61873
10000 35118.6 5726.64 93127.7 15993.3 3.51186 0.572664 9.31277 1.59933
10100 36568.4 6031.42 92292 16039 3.62063 0.59717 9.13782 1.58802
10200 36351.9 5889.7 94282.6 16346.8 3.56391 0.577422 9.2434 1.60263
10300 34678.5 5884.8 95567.8 16610.5 3.36685 0.57134 9.27843 1.61267
10400 31181 5720.26 98086.1 16875 2.99817 0.550025 9.43135 1.62259
10500 36936.8 6064 96957.3 16816.5 3.51779 0.577524 9.23403 1.60157
10600 37927.7 6097.32 99502 17123.3 3.57808 0.575219 9.38698 1.6154
10700 34302.2 6005.64 100553 17330.3 3.20581 0.561275 9.39745 1.61966
10800 36967.3 6132.22 100092 17288.5 3.4229 0.567798 9.26776 1.60079
10900 40024.8 6355.98 102513 17620.5 3.672 0.583117 9.40486 1.61656
11000 38175.3 6276.38 102724 17627.9 3.47048 0.57058 9.33851 1.60253
11100 39349.1 6436.74 102372 17714.2 3.54496 0.579886 9.22274 1.59588
11200 38154.6 6360.96 105244 18029.9 3.40666 0.567943 9.39679 1.60981
11300 36681.4 6269.5 104715 18280.2 3.24614 0.554823 9.26681 1.61772
11400 41734.5 6690.26 106643 18440.8 3.66092 0.586865 9.35461 1.61761
11500 38343.8 6423.16 107028 18380.2 3.33425 0.558536 9.30682 1.59828
11600 41178.3 6472.9 109397 18727.4 3.54985 0.558009 9.43077 1.61443
11700 42028.9 6713.66 108631 18858.9 3.59221 0.573817 9.28468 1.61188
11800 39136.9 6618.38 110361 19035.5 3.31669 0.56088 9.35259 1.61318
11900 40556.7 6792.36 111491 19256.6 3.40813 0.570787 9.36899 1.61821
12000 44801.4 7136.76 113000 19265.3 3.73345 0.59473 9.41667 1.60544
12100 43249.8 6988.94 112899 19406.1 3.57436 0.577598 9.33052 1.60381
12200 40744 6832.04 110900 19268.7 3.33967 0.560003 9.09014 1.5794
12300 39674.2 6813.14 113263 19546.2 3.22555 0.553914 9.20838 1.58912
12400 42420.8 7243.64 115973 20131.3 3.42103 0.584165 9.35268 1.62349
12500 40470.3 6861.1 117097 20260.6 3.23762 0.548888 9.36774 1.62085
12600 42936.6 6963.24 118183 20386 3.40767 0.552638 9.3796 1.61794
12700 42921.8 7165.76 119356 20537.1 3.37967 0.564233 9.3981 1.61709
12800 41823.4 7158.14 122322 20785.8 3.26745 0.55923 9.55637 1.62389
12900 41098.6 7031.3 120091 20653.6 3.18593 0.545062 9.30936 1.60106
13000 42275.7 6944.58 121946 21113.2 3.25198 0.534198 9.38044 1.62409
13100 46730.1 7875.18 121115 20956.9 3.56718 0.601159 9.24545 1.59976
13200 45050.8 7609.9 123397 21105.4 3.41294 0.576508 9.34823 1.5989
13300 46169.5 7819.86 123382 21335.5 3.47139 0.587959 9.27681 1.60418
13400 43407.4 7350.36 126680 21660.8 3.23936 0.548534 9.45373 1.61647
13500 44948 7690.78 126809 21696.6 3.32948 0.569687 9.39326 1.60715
13600 46964.9 7775.5 129312 22077 3.4533 0.571728 9.50823 1.62331
13700 46419.4 7788.32 128356 22171.1 3.38828 0.568491 9.36902 1.61833
13800 46933.1 7663.78 126897 21896.8 3.40095 0.555346 9.19546 1.58672
13900 45379.4 7746.86 131682 22473 3.26471 0.557328 9.47352 1.61676
14000 47666.8 8189.42 130510 22436.3 3.40477 0.584959 9.32213 1.60259
14100 47066.4 8020.32 133757 22883.2 3.33805 0.568817 9.48632 1.62292
14200 50088.8 8336.98 133532 22940.7 3.52738 0.587111 9.40369 1.61555
14300 50501 8076.38 134612 22945.1 3.53154 0.564782 9.41346 1.60455
14400 51431.7 8428.24 135409 23404.6 3.57165 0.585294 9.40342 1.62532
14500 49833.3 8374.08 136584 23276.4 3.43678 0.577523 9.41962 1.60527
14600 52041.8 8331.06 136748 23600 3.56451 0.570621 9.3663 1.61644
14700 52081.2 8250.12 138076 23537.4 3.54294 0.561233 9.39293 1.60118
14800 47622.1 8150.4 139125 23930.1 3.21771 0.550703 9.40033 1.6169
14900 46836.2 8021.06 139274 23960.4 3.14337 0.538326 9.34722 1.60808
15000 49991.8 8357.02 140539 24306.8 3.33278 0.557135 9.36929 1.62045
15100 51643.8 8731.94 140948 24505.9 3.42012 0.578274 9.33429 1.62291
15200 47906.5 8492.34 143647 24627.9 3.15174 0.558707 9.45044 1.62026
15300 53325.5 8821 142805 24554.8 3.48533 0.576536 9.33368 1.60489
15400 53580.8 8945.32 142994 24620.5 3.47927 0.580865 9.28529 1.59873
15500 52841.6 8629.58 144359 24860 3.40914 0.556747 9.31351 1.60387
15600 49197.7 8661.98 145296 25163.3 3.1537 0.555255 9.31382 1.61303
15700 49369.6 8824.32 146423 25301 3.14456 0.562059 9.32632 1.61153
15800 56339.9 9141.88 144874 25088.8 3.56582 0.5786 9.16924 1.5879
15900 55548.6 8968.12 149159 25515.4 3.49363 0.564033 9.38106 1.60474
16000 54549.9 9190 150492 25880.4 3.40937 0.574375 9.40572 1.61753
16100 51879.3 8854.7 150538 25907.2 3.22232 0.549981 9.35022 1.60914
16200 56160.4 8900.3 152537 26078.6 3.46669 0.549401 9.41584 1.60979
16300 55562.1 9395.54 153392 26341.7 3.40872 0.576413 9.41058 1.61605
16400 55537.5 9612.16 153207 26665.5 3.38643 0.586107 9.34191 1.62595
16500 51770.3 8974.76 153992 26623.3 3.13759 0.543925 9.33282 1.61353
16600 57285.9 9506.6 155193 26703.3 3.45096 0.572687 9.34899 1.60863
16700 56658.9 9602.28 158098 27113.5 3.39275 0.574987 9.46697 1.62356
16800 59833.3 9600.7 158572 27157.6 3.5615 0.57147 9.4388 1.61652
16900 54831.1 9496.34 157285 27207.7 3.24445 0.561914 9.30682 1.60992
17000 60006 9735.28 160466 27497.5 3.52977 0.572664 9.43917 1.6175
17100 60395 9742.44 161935 27639.1 3.53187 0.569733 9.46989 1.61632
17200 57302.4 9634.76 162223 27949.5 3.33154 0.56016 9.43157 1.62497
17300 56720 9862.86 162453 27917.6 3.27861 0.570108 9.39037 1.61373
17400 58854.7 9760.02 163824 28258.3 3.38245 0.560921 9.4152 1.62404
17500 62189.6 10220.9 165320 28305.5 3.55369 0.584053 9.44686 1.61746
17600 61138.7 10113.2 165362 28288.3 3.47379 0.574614 9.39556 1.60729
17700 60875 10136.4 164400 28503.9 3.43926 0.57268 9.28812 1.61039
17800 59002.5 9982.64 169251 28919.4 3.31475 0.560822 9.50851 1.62469
17900 60408.3 10444.2 168919 29143.2 3.37476 0.583477 9.43683 1.62811
18000 61898.9 10348.5 166972 28535.8 3.43883 0.574919 9.27622 1.58532
18100 64141.8 10433.6 167879 29025.7 3.54375 0.576442 9.27507 1.60363
18200 60705.8 10195.8 172312 29603.7 3.33548 0.560207 9.4677 1.62658
18300 65667.5 10512.5 173741 29808.1 3.58839 0.574452 9.49403 1.62886
18400 63356.6 10702.6 173649 29861.4 3.4433 0.581661 9.43747 1.6229
18500 65049.5 10873 170864 29337.6 3.51619 0.58773 9.23588 1.58582
18600 60538.7 10453.1 174750 30227.5 3.25477 0.561996 9.39516 1.62513
18700 66513.4 10690.2 173793 29750.4 3.55687 0.571668 9.29376 1.59093
18800 63086.6 10704.2 178365 30576.6 3.35567 0.56937 9.48751 1.62642
18900 65698.8 10706.9 177981 30363.2 3.47612 0.566501 9.41697 1.60652
19000 72668.8 11371.8 178722 30861.8 3.82467 0.598517 9.40642 1.62431
19100 56503 10297.4 179434 30798.7 2.95827 0.539132 9.39444 1.6125
19200 62096.2 10676.3 178430 30813.7 3.23418 0.556057 9.29323 1.60488
19300 65136.9 10659.4 181003 31359.1 3.37497 0.552302 9.37841 1.62482
19400 62919.6 10693.2 181643 31213.6 3.24328 0.551196 9.36302 1.60895
19500 70367.4 11301.9 182398 31375.2 3.60858 0.579587 9.35374 1.60898
19600 65079.8 10965.3 185949 31908.1 3.3204 0.559452 9.48722 1.62797
19700 65633.8 11160.8 187233 32117.5 3.33166 0.56654 9.50422 1.63033
19800 68517.9 11388.9 186029 32242.7 3.4605 0.575195 9.39539 1.62842
19900 71062.1 11164 185928 32167.1 3.57096 0.561006 9.34314 1.61644
20000 63658.3 10983.5 187725 32238.4 3.18291 0.549176 9.38625 1.61192
20100 70719.7 11412.8 189589 32731 3.51839 0.567803 9.43231 1.62841
20200 64585.5 11155.6 190119 32747.6 3.1973 0.552256 9.41181 1.62117
20300 71150.6 11669.2 192227 33072 3.50496 0.574839 9.46932 1.62916
20400 67990.5 11645.8 190472 32814 3.33287 0.570871 9.33687 1.60853
20500 67406.2 11411.6 192497 32996.6 3.28811 0.556664 9.39011 1.60959
20600 71835.6 11839.2 192175 32832.2 3.48717 0.57472 9.32889 1.5938
20700 73784.6 12060.8 193738 33399.5 3.56447 0.582648 9.3593 1.6135
20800 73677.4 11830.3 196542 33883 3.54218 0.568765 9.44912 1.62899
20900 68039.5 11564 194997 33507.2 3.25548 0.553302 9.32998 1.60321
21000 70166.8 11654.1 196418 33705.4 3.34128 0.554957 9.35322 1.60502
21100 69716 11698.6 198954 34320.4 3.30408 0.554436 9.4291 1.62656
21200 70200.4 12163.3 200117 34416.5 3.31134 0.573742 9.43946 1.62342
21300 70802.6 11859.3 204095 34729.3 3.32406 0.556773 9.58192 1.63048
21400 73574.6 12266.2 204359 34951.2 3.43807 0.573186 9.5495 1.63323
21500 68492.6 11912.1 199087 34370.6 3.1857 0.554052 9.25986 1.59863
21600 68163.2 12012.7 206238 35262.5 3.1557 0.556144 9.54806 1.63252
21700 76047 12372.8 203389 35046.4 3.50447 0.570177 9.37278 1.61504
21800 69066.2 11999.9 204764 35334.8 3.16817 0.550456 9.39286 1.62086
21900 75628.2 12595.9 205883 35285.6 3.45334 0.575156 9.40105 1.61121
22000 76710.6 12495.9 207692 35780.9 3.48685 0.567995 9.44055 1.62641
22100 75210.8 12303.2 208040 35893.5 3.4032 0.556708 9.41356 1.62414
22200 78807 12749.6 211189 36250.8 3.54986 0.574305 9.513 1.63292
22300 78786.4 12623 210286 35960.1 3.53302 0.566056 9.42986 1.61256
22400 74519.6 12426.3 210839 36373.7 3.32677 0.554746 9.41244 1.62382
22500 77462.1 12960.9 210960 36467.9 3.44276 0.57604 9.37598 1.6208
22600 77012.5 12652.7 212522 36438.6 3.40763 0.559856 9.40364 1.61233
22700 75337.6 13158 212435 36575 3.31884 0.579646 9.35838 1.61123
22800 77643.4 12993.1 215506 37021.9 3.40541 0.569872 9.452 1.62377
22900 74802.6 12550 214608 36863.9 3.26649 0.548034 9.37151 1.60978
23000 88122.9 13569.4 215463 36957.5 3.83143 0.589972 9.36795 1.60685
23100 74490.6 12706.3 220694 37566.3 3.2247 0.550055 9.55387 1.62625
23200 84241.9 13619.4 216778 36902.9 3.63112 0.587041 9.34388 1.59064
23300 79251.5 13064.9 217378 37343.8 3.40135 0.560726 9.32951 1.60274
23400 78223.4 13083.4 217957 37585.3 3.34288 0.559118 9.31442 1.60621
23500 77841.3 13009.8 222586 38244.6 3.3124 0.553609 9.47175 1.62743
23600 74971.2 12970.8 222330 38421.2 3.17675 0.549612 9.42078 1.62802
23700 79290.4 13410.5 224354 38481.7 3.34559 0.565846 9.4664 1.6237
23800 81299.3 13386.6 228029 38709.6 3.41594 0.562464 9.58106 1.62645
23900 76842.4 13091.4 225324 38803 3.21516 0.547759 9.42779 1.62355
24000 77575.5 13374.4 227262 38720.4 3.23231 0.557266 9.46926 1.61335
24100 83084.2 13832.1 227312 39230.3 3.44748 0.573946 9.43202 1.62781
24200 76392.9 13452.9 229172 39293.9 3.15673 0.555904 9.46991 1.62371
24300 86475.6 14233.6 227267 38891.4 3.55867 0.585745 9.35257 1.60047
24400 83535.7 13955.2 230028 39702.7 3.42359 0.571936 9.42739 1.62716
24500 82850.8 13884.5 231894 39813.1 3.38166 0.566714 9.46505 1.62502
24600 84937.5 14305.9 233199 40047.2 3.45274 0.581539 9.47962 1.62794
24700 85376.6 14220 234223 40176.1 3.45654 0.575709 9.48272 1.62656
24800 85020.6 14349 234801 40226.1 3.42825 0.578589 9.46779 1.62202
24900 80848.3 13395.5 232959 40113.8 3.24692 0.53797 9.35578 1.611
25000 85509 14444 235518 40698.8 3.42036 0.577759 9.42072 1.62795
25100 82530.3 13918.4 236280 40699.6 3.28806 0.554519 9.41356 1.6215
25200 84374.7 13789.8 238439 41047.2 3.3482 0.547215 9.46186 1.62886
25300 83006.9 13920 240098 41267.6 3.28091 0.550199 9.49005 1.63113
25400 85811.6 14466.4 235519 40421.9 3.37841 0.569544 9.2724 1.59141
25500 79900.5 13603.6 243834 41595.4 3.13335 0.533473 9.5621 1.63119
25600 86574.1 14640.4 242789 41681.7 3.3818 0.571892 9.48396 1.62819
25700 86820.4 14392.3 244331 41876.3 3.37823 0.560013 9.50703 1.62943
25800 84945.8 14206.3 244784 42050.2 3.29247 0.550632 9.48777 1.62985
25900 85429.5 14891.8 245800 42230.9 3.29844 0.574975 9.49036 1.63054
26000 85355.8 14732.7 245020 42126.2 3.28292 0.566643 9.42386 1.62024
26100 85583.3 14566.5 248675 42487.4 3.27906 0.558104 9.52777 1.62787
26200 90204.7 15030 245267 42302.1 3.44293 0.573663 9.36135 1.61458
26300 87142.4 14684.3 249149 42650.9 3.3134 0.558339 9.47335 1.62171
26400 88123.3 14457.2 250125 43070.7 3.338 0.547622 9.47442 1.63147
26500 83263.4 14813.9 251346 42716.8 3.14202 0.559017 9.48475 1.61195
26600 86770.4 14865 253777 43162.3 3.26205 0.558835 9.54051 1.62264
26700 89086 15260.8 253768 43646.7 3.33655 0.571564 9.50442 1.63471
26800 88660.2 14841.7 250154 43233.9 3.30822 0.553796 9.3341 1.61321
26900 88867.4 15068.4 253504 43338.4 3.30362 0.560162 9.42394 1.61109
27000 93162.5 15672.8 259863 44043.7 3.45046 0.580476 9.62454 1.63125
27100 94913.6 15503.3 252813 43614.2 3.50235 0.572077 9.32888 1.60938
27200 87124.1 14961.8 256265 43730.3 3.20309 0.550066 9.42152 1.60773
27300 93182.8 15537.2 257947 44270.7 3.41329 0.569129 9.44861 1.62164
27400 91734.6 15352.3 262113 44604.2 3.34798 0.560303 9.56618 1.62789
27500 105333 16424.9 258833 44103 3.83028 0.59727 9.4121 1.60375
27600 93489.1 15112.9 257689 44640.4 3.38729 0.547567 9.33656 1.61741
27700 93820.2 15879.8 262564 45199.2 3.38701 0.573277 9.47886 1.63174
27800 98469.4 16141.9 261534 44748.2 3.54206 0.580643 9.40771 1.60965
27900 92039.9 15460.6 264800 45425.2 3.29892 0.554145 9.49106 1.62814
28000 95751.9 16119.9 269007 45717.5 3.41971 0.575711 9.60739 1.63277
28100 92274.1 15547.8 264686 45266.8 3.28378 0.553301 9.41942 1.61092
28200 101281 16485.1 269731 45989.4 3.59151 0.584578 9.56493 1.63083
28300 100892 16601.7 269630 46075.9 3.56508 0.586631 9.52757 1.62813
28400 97201.7 15961.2 267439 45753.5 3.4226 0.562014 9.41687 1.61104
28500 87361.6 15333.3 270436 46213.4 3.06532 0.538011 9.48897 1.62152
28600 94373.9 16290.7 273883 46642.1 3.29979 0.569606 9.57633 1.63084
28700 94361.9 15879.1 270013 46332.2 3.28787 0.55328 9.40811 1.61436
28800 101604 16665.5 272748 46969.4 3.52791 0.578663 9.47041 1.63088
28900 101117 16702.4 275747 47214.7 3.49886 0.577937 9.54141 1.63373
29000 99116.9 16343 277715 47123 3.41783 0.563552 9.57637 1.62493
29100 97688.9 16217 278236 47452.7 3.35701 0.557287 9.56137 1.63068
29200 101988 16998.4 277818 47481.8 3.49272 0.582136 9.51431 1.62609
29300 101810 16862.8 277399 47599.6 3.47475 0.575522 9.46754 1.62456
29400 100855 16439.5 276009 47884.1 3.43043 0.559165 9.38806 1.62871
29500 94958.9 16401.2 278414 47885.4 3.21895 0.555974 9.43777 1.62323
29600 104182 16927.1 279307 47840.7 3.51965 0.571861 9.43604 1.61624
29700 104443 17111.8 285424 48527.5 3.5166 0.576155 9.61024 1.63392
29800 93899.7 16340.4 281168 48254.8 3.151 0.548334 9.43516 1.61929
29900 105234 17450.5 285148 48685.6 3.51953 0.583627 9.53671 1.62828
30000 108154 17632.2 285392 48271.9 3.60515 0.587739 9.51306 1.60906
30100 100150 16822.6 288382 49040.8 3.32725 0.55889 9.58081 1.62926
30200 97894.2 16761 285075 48965.8 3.24153 0.555001 9.43957 1.62138
30300 108195 17562.2 285199 49006.6 3.57078 0.579611 9.41252 1.61738
30400 103825 17460.6 289046 49399.4 3.41528 0.574362 9.50809 1.62498
30500 112841 17774.8 285269 49337.8 3.69971 0.582782 9.35308 1.61763
30600 106094 17584.8 289339 49309.4 3.46711 0.574666 9.45553 1.61142
30700 107291 18215.7 292696 50087.4 3.49483 0.593344 9.53406 1.63151
30800 102119 16862.9 291335 50070.9 3.31554 0.547498 9.45891 1.62568
30900 101886 17424.1 288792 49876.6 3.29727 0.563888 9.34601 1.61413
31000 115041 17970.3 294889 50197.5 3.71101 0.579686 9.51255 1.61927
31100 106299 17566.2 294709 50704 3.41798 0.564831 9.47616 1.63035
31200 106921 17866.6 293147 50156.1 3.42696 0.572648 9.39573 1.60757
31300 103841 17531 296277 50484.2 3.31759 0.560095 9.46571 1.61291
31400 108641 17799.2 298516 51081.7 3.4599 0.566855 9.50688 1.62681
31500 111686 18278.5 301288 51453.7 3.54558 0.580269 9.56471 1.63345
31600 105735 17739.9 298630 50966.6 3.34605 0.561389 9.45032 1.61287
31700 97405.9 17276.9 299867 51122.5 3.07274 0.545014 9.45952 1.6127
31800 102797 17804.3 305102 51809.5 3.23261 0.559884 9.59439 1.62923
31900 104168 17911.6 302672 51862 3.26546 0.561492 9.48817 1.62577
32000 105289 17752.2 304114 52207.5 3.29028 0.554755 9.50357 1.63148
32100 108357 17976.8 306900 52423.2 3.37562 0.560024 9.56075 1.63312
32200 116445 18422.5 302678 51906.4 3.6163 0.572127 9.39993 1.612
32300 106346 18056.7 307775 52675 3.29245 0.55903 9.52865 1.63081
32400 102293 18000.3 304413 52263.1 3.1572 0.555566 9.39546 1.61306
32500 114984 18938.3 309833 53084.9 3.53795 0.582717 9.53332 1.63338
32600 119232 19279.9 313550 53305 3.65744 0.591408 9.6181 1.63512
32700 103878 18167.4 309477 52908.5 3.17669 0.555577 9.46414 1.618
32800 107284 18268.6 312827 53531.8 3.27086 0.556969 9.53741 1.63207
32900 105172 18208.8 309485 53230.9 3.19671 0.553458 9.40684 1.61796
33000 104425 17978.6 314669 53492.4 3.1644 0.544807 9.53544 1.62098
33100 106157 18427.4 313984 53569.9 3.20716 0.55672 9.48592 1.61843
33200 107791 18473 316805 54127.7 3.24672 0.556414 9.54231 1.63035
33300 111566 18850.8 313198 54191 3.35033 0.566091 9.40533 1.62736
33400 107516 18330.5 321079 54451 3.21904 0.548819 9.61313 1.63027
33500 111277 18605.1 317454 54103.5 3.32171 0.555376 9.47625 1.61503
33600 110707 18669.2 318851 54796.2 3.29485 0.55563 9.4896 1.63084
33700 112576 19024.9 321463 54990.7 3.34053 0.564536 9.53896 1.63177
33800 123419 19262.9 320401 55149.5 3.65144 0.569909 9.47932 1.63164
33900 122090 19715 326306 55413.1 3.60146 0.581563 9.62554 1.6346
34000 109595 18975.4 320046 54392.6 3.22337 0.558099 9.41313 1.59978
34100 117610 19473.5 322900 55413 3.44898 0.57107 9.46922 1.62501
34200 115434 19246.3 327524 55798.2 3.37526 0.562757 9.57673 1.63153
34300 121994 19766.7 321477 55322.6 3.55669 0.576287 9.3725 1.6129
34400 120354 19471.8 328578 56059.6 3.49866 0.566042 9.55168 1.62964
34500 114216 19445.5 329488 56235.5 3.31061 0.563638 9.55037 1.63002
34600 113330 19313.5 328234 56090.2 3.27544 0.558193 9.48653 1.62111
34700 117544 19473.4 332149 56764.1 3.38744 0.561193 9.57203 1.63585
34800 112488 19791.1 331232 56632.6 3.23241 0.568709 9.51817 1.62737
34900 124292 19730.2 333577 57047.2 3.56136 0.565336 9.55807 1.63459
35000 110977 19252 332263 57153.9 3.17076 0.550057 9.49323 1.63297
35100 111678 19434.4 332990 57315.5 3.18171 0.553686 9.48689 1.63292
35200 120502 19908 332317 57323.5 3.42334 0.565568 9.44082 1.62851
35300 111266 19205.3 329805 56335.1 3.15202 0.54406 9.34293 1.5959
35400 125085 20381.5 336526 57746.7 3.53346 0.575749 9.50638 1.63126
35500 125475 20148.9 339785 58028.4 3.5345 0.567575 9.57142 1.6346
35600 118164 20342 338974 58103.9 3.31923 0.571404 9.52173 1.63213
35700 126223 20322.2 336735 57829.1 3.53566 0.56925 9.43234 1.61986
35800 124092 20352.7 339927 58301.1 3.46626 0.568511 9.49517 1.62852
35900 119859 20122.1 339033 57929.1 3.33868 0.560504 9.44382 1.61362
36000 112052 19974.5 344738 58572.3 3.11255 0.554847 9.57606 1.62701
36100 116116 20203.7 341204 58807.6 3.21651 0.55966 9.45165 1.62902
36200 131795 21556.5 342173 58661.2 3.64074 0.595483 9.45229 1.62047
36300 121931 20185.3 343904 58630 3.35898 0.55607 9.47393 1.61515
36400 122333 20144.6 347655 59415.6 3.36079 0.553424 9.55095 1.6323
36500 120315 20445.6 345350 58787.2 3.29629 0.560154 9.46166 1.61061
36600 116794 20052.1 349558 59681.1 3.19109 0.54787 9.55076 1.63063
36700 126697 20910.7 346996 59792.8 3.45224 0.569774 9.45493 1.62923
36800 117274 20387.8 351262 59969.9 3.18678 0.554015 9.54518 1.62962
36900 127360 20869.1 350144 60184.6 3.45149 0.565558 9.48899 1.63102
37000 127524 20311.2 350991 60244.3 3.44659 0.548951 9.48625 1.62822
37100 126667 20996.2 355642 60669.3 3.41421 0.565935 9.58604 1.63529
37200 129183 20918.9 349124 60019.4 3.47265 0.562337 9.38505 1.61342
37300 132687 21587.3 352944 60392.1 3.5573 0.578747 9.4623 1.61909
37400 122378 21260 357498 61087.8 3.27215 0.568449 9.55876 1.63336
37500 129308 21086.8 357209 61075.8 3.44821 0.562314 9.52557 1.62869
37600 121472 20712.8 361317 61275.3 3.23064 0.550873 9.6095 1.62966
37700 126712 21443.6 357673 61503.6 3.36105 0.568795 9.48735 1.63139
37800 127246 21485.1 358221 61243.6 3.36629 0.568389 9.47674 1.6202
37900 128289 21887.7 362188 61892.7 3.38494 0.577512 9.5564 1.63305
38000 126207 21566.9 361956 62078.9 3.32124 0.567551 9.52516 1.63366
38100 126934 21731.1 363558 62140.4 3.3316 0.57037 9.54222 1.63098
38200 130265 21257.2 367301 62173.1 3.41008 0.55647 9.6152 1.62757
38300 126188 21834.8 365704 62353.5 3.29473 0.570099 9.5484 1.62803
38400 122759 20662.1 359487 62132 3.19685 0.538074 9.36165 1.61802
38500 127036 21033.3 363398 62065.9 3.29964 0.546319 9.43891 1.6121
38600 135735 21693.9 365526 62922.7 3.51644 0.562017 9.46959 1.63012
38700 130673 21666.3 368433 63080.5 3.37655 0.559852 9.52024 1.62999
38800 132198 22211.7 368127 62902.7 3.40717 0.572468 9.48782 1.6212
38900 133920 21455.1 368453 62710.8 3.44268 0.551546 9.47179 1.6121
39000 139682 22409.9 373253 63550.1 3.58159 0.574613 9.57059 1.62949
39100 131501 22062.6 370046 63974.7 3.36318 0.56426 9.46409 1.63618
39200 129571 22266.8 374445 64125.3 3.30538 0.568031 9.55218 1.63585
39300 130779 21683.4 372348 64339.6 3.32771 0.551741 9.47451 1.63714
39400 134158 21988.6 371184 64187.3 3.40501 0.558087 9.42092 1.62912
39500 135686 21942.8 376965 64333.4 3.43509 0.555513 9.54341 1.62869
39600 129006 22316 377399 64591.4 3.25773 0.563536 9.53027 1.6311
39700 136854 23033 378009 64945.4 3.44721 0.580175 9.52163 1.6359
39800 129670 22326.2 378934 64886 3.25804 0.56096 9.52096 1.6303
39900 135268 22599.3 372768 64415.7 3.39018 0.566397 9.34256 1.61443
40000 128829 21756 382301 65468.9 3.22072 0.543899 9.55754 1.63672
40100 135059 22470.3 383258 65621.2 3.36804 0.560356 9.55755 1.63644
40200 138280 22808.3 383139 65815.2 3.43981 0.567372 9.53081 1.63719
40300 135946 22658.6 387373 66082.3 3.37335 0.562247 9.61224 1.63976
40400 124647 21978.4 381499 65924.7 3.08532 0.544021 9.44305 1.6318
40500 132405 22932.8 387558 66172 3.26925 0.566243 9.56932 1.63388
40600 133593 22598.4 388072 66410.2 3.29046 0.556612 9.55843 1.63572
40700 142979 23258.3 391221 66762 3.51299 0.571457 9.61231 1.64034
40800 137645 22819.4 388246 66855.6 3.37364 0.559298 9.51583 1.63862
40900 137714 23360.5 390029 66643.9 3.36709 0.571162 9.53616 1.62944
41000 138824 22927.1 391617 67049.8 3.38596 0.559198 9.55163 1.63536
41100 138830 23383.7 393609 67252.1 3.37785 0.568947 9.57686 1.6363
41200 137971 23204.1 384520 65462.8 3.34881 0.563207 9.33301 1.5889
41300 136856 23200 398748 67518.6 3.31369 0.561743 9.65491 1.63483
41400 143241 24008.1 392920 67833.2 3.45993 0.579907 9.49082 1.63848
41500 135118 23544.4 390458 67050.9 3.25585 0.567335 9.40862 1.61568
41600 135804 23382.5 394281 67366.2 3.26451 0.56208 9.47791 1.61938
41700 141369 23539.9 396857 68219.7 3.39015 0.564507 9.51696 1.63596
41800 147298 24700.3 395474 67651.2 3.52389 0.590915 9.46111 1.61845
41900 152794 23732.4 402193 68551.6 3.64662 0.566406 9.59888 1.63608
42000 143195 24208.5 400359 68758.9 3.4094 0.576392 9.53236 1.63712
42100 144270 23790.2 401691 68838.9 3.42684 0.565088 9.54136 1.63513
42200 156067 24783.1 399309 68249.3 3.69828 0.587277 9.46231 1.61728
42300 146396 24151.7 401665 69114.8 3.4609 0.570963 9.49563 1.63392
42400 143801 24292.7 396798 68482.1 3.39154 0.572941 9.35845 1.61514
42500 149417 24571.4 406277 69238.4 3.51569 0.578151 9.55947 1.62914
42600 151286 24738.6 406384 69432.1 3.55132 0.580719 9.53952 1.62986
42700 151788 24539.1 405211 69826.5 3.55474 0.574686 9.48973 1.63528
42800 136010 23739.6 410763 70075.6 3.17781 0.554664 9.59728 1.63728
42900 146771 23809.9 410477 70078.3 3.42124 0.555009 9.56823 1.63353
43000 144268 24259.9 410546 70309.8 3.35507 0.564184 9.54758 1.63511
43100 139741 23582 412528 70464.3 3.24225 0.547147 9.57142 1.6349
43200 145806 24016.9 413819 70452.8 3.37513 0.555946 9.57915 1.63085
43300 149655 24556.9 412021 70867.3 3.45623 0.567133 9.5155 1.63666
43400 148399 24986.6 412769 70822.3 3.41934 0.575729 9.5108 1.63185
43500 150293 25053 406289 69752 3.45502 0.575931 9.33997 1.60349
43600 151640 25423.1 417764 71268.1 3.47799 0.583098 9.58175 1.63459
43700 153989 24605.5 416015 71602.8 3.52379 0.563055 9.5198 1.63851
43800 154807 25440 411920 70710.7 3.53442 0.580822 9.40457 1.6144
43900 161685 25874.7 423868 71896.9 3.68304 0.5894 9.65531 1.63774
44000 141256 23476.5 422230 71924.7 3.21037 0.533556 9.59615 1.63465
44100 139162 24435.7 421032 72052.7 3.15559 0.554098 9.54721 1.63385
44200 157888 25818.6 426846 72321.5 3.57214 0.58413 9.65715 1.63623
44300 155126 25068.3 427440 72412.9 3.50172 0.565877 9.64876 1.6346
44400 149779 25482.8 419978 72451.7 3.3734 0.573937 9.45896 1.6318
44500 143971 25230.8 423954 72799 3.2353 0.566983 9.52706 1.63593
44600 157771 26359.2 422447 72806.8 3.53747 0.591013 9.4719 1.63244
44700 148026 25031.7 426759 72922.9 3.31155 0.559993 9.54718 1.63139
44800 150483 25555.3 426547 73352.4 3.359 0.570431 9.52113 1.63733
44900 161455 26194.6 430631 73387.7 3.59589 0.583398 9.59089 1.63447
45000 147980 25012.3 429637 73609.6 3.28844 0.555828 9.54748 1.63577
45100 156511 25711.9 429970 73068 3.47031 0.570109 9.5337 1.62013
45200 157914 26038.9 430427 73668.9 3.49367 0.576082 9.52273 1.62984
45300 153159 25732.7 433186 73983.9 3.38099 0.56805 9.5626 1.6332
45400 149488 25570.2 434946 74243 3.29269 0.563221 9.58031 1.63531
45500 163136 26337.8 431144 74316.4 3.5854 0.578853 9.4757 1.63333
45600 149981 25461.8 432133 73699.6 3.28906 0.558374 9.47661 1.61622
45700 159589 26207.2 438828 74743.8 3.49211 0.573463 9.60236 1.63553
45800 162346 26368.9 437570 74794 3.54468 0.57574 9.55394 1.63306
45900 144700 25756.3 437357 74290 3.15251 0.561139 9.52847 1.61852
46000 154068 26564.6 432556 74428.6 3.34931 0.577491 9.40338 1.61801
46100 149715 25501.9 445445 75254.2 3.24761 0.553186 9.66257 1.63241
46200 148994 26101.8 445731 75596.6 3.22497 0.564973 9.64786 1.63629
46300 162322 26575 438349 75124 3.50587 0.573973 9.46758 1.62255
46400 151469 26340 439342 75643.8 3.26442 0.567672 9.46858 1.63025
46500 143402 25372.4 436973 74861.3 3.08391 0.545643 9.39727 1.60992
46600 160226 27232.8 442473 75866 3.43832 0.584395 9.49513 1.62803
46700 155716 26821.1 449072 76486.1 3.33439 0.574327 9.61611 1.63782
46800 165486 26772.3 442323 75724.4 3.53604 0.572057 9.45134 1.61804
46900 169475 27205.4 445397 76506.1 3.61354 0.580072 9.49675 1.63126
47000 159480 26185.3 449774 76702.2 3.39318 0.557134 9.56967 1.63196
47100 167261 26724.8 452549 76958.9 3.5512 0.567406 9.60826 1.63395
47200 156139 25714.6 449470 77154.8 3.30802 0.5448 9.52267 1.63464
47300 165953 27338.1 449591 77477.7 3.50852 0.577972 9.50509 1.63801
47400 156068 26231.4 454066 77469.6 3.29257 0.553405 9.57945 1.63438
47500 155668 25893.6 455604 77664.2 3.27723 0.545128 9.59167 1.63504
47600 169358 27115.9 452627 77867.6 3.55793 0.569662 9.50896 1.63587
47700 160659 26666.8 453585 77672.5 3.36811 0.559053 9.50911 1.62835
47800 165082 26272.7 459182 78320.3 3.45359 0.549638 9.60631 1.6385
47900 179783 27778.6 452150 78180.7 3.75331 0.579928 9.43946 1.63216
48000 165371 27381.6 452133 77635.1 3.44522 0.57045 9.41943 1.6174
48100 154822 25881.9 462727 78546.9 3.21875 0.538085 9.6201 1.63299
48200 168790 27828.6 459939 78559.5 3.50186 0.577356 9.54231 1.62987
48300 172085 28292.6 467957 79034.6 3.56284 0.585767 9.68855 1.63633
48400 166168 27688.1 463350 79339 3.43322 0.572068 9.57334 1.63924
48500 165677 27252.4 459684 78391 3.41603 0.561906 9.47802 1.61631
48600 166738 27752.2 462464 79395.7 3.43082 0.571033 9.51571 1.63366
48700 187044 29111.4 469138 79673.4 3.84075 0.59777 9.63322 1.636
48800 147510 26310 467169 79888.6 3.02274 0.53914 9.57313 1.63706
48900 169542 27496.3 465154 79931.7 3.46713 0.562297 9.51235 1.6346
49000 174147 27907.1 468929 80275.4 3.55403 0.569533 9.56999 1.63827
49100 158890 27926.5 466877 80104.3 3.23605 0.568768 9.5087 1.63145
49200 176391 28185.7 470652 80621.9 3.58519 0.57288 9.5661 1.63866
49300 164508 27829.8 466611 79576.6 3.33688 0.5645 9.46472 1.61413
49400 176386 29086.6 471445 80856.6 3.57056 0.588798 9.54342 1.63677
49500 171274 28088.2 467624 79388.4 3.46009 0.567438 9.44695 1.60381
49600 179687 28976.1 470993 80985.1 3.62272 0.584195 9.49583 1.63276
49700 170004 28621.5 478338 81466.1 3.42061 0.575886 9.6245 1.63916
49800 174034 28554.1 472906 80829.8 3.49466 0.573376 9.49611 1.62309
49900 167375 27778.7 477625 81628.8 3.3542 0.556688 9.57164 1.63585
50000 161271 27905.4 480614 81822.5 3.22541 0.558107 9.61227 1.63645
