10000 400876 6.79387e+06 1.55292e+06 28.5789 29
20000 873950 1.48906e+07 3.39562e+06 31.5789 32
30000 1.37443e+06 2.3479e+07 5.34752e+06 33.1053 34
40000 1.89361e+06 3.24031e+07 7.3743e+06 34.7368 35
50000 2.42465e+06 4.15414e+07 9.44848e+06 35.7368 36
60000 2.96698e+06 5.08855e+07 1.15681e+07 36.2105 37
70000 3.51829e+06 6.03863e+07 1.37231e+07 37 37.7895
80000 4.07636e+06 7.00177e+07 1.59063e+07 38 38
90000 4.64135e+06 79768294 1.8117e+07 38 39
100000 5.21247e+06 8.96237e+07 2.03509e+07 39 39
