1000 11194 2871.18 15640.1 2412.91 11.194 2.87118 15.6401 2.41291
2000 25253.4 6195.2 34329.6 5290.65 12.6267 3.0976 17.1648 2.64532
3000 40009.9 9704.7 53851.7 8346.09 13.3366 3.2349 17.9506 2.78203
4000 56272.1 13296.4 74533.7 11509.2 14.068 3.32409 18.6334 2.87731
5000 73046.5 16967.9 95955.3 14748.4 14.6093 3.39358 19.1911 2.94967
6000 89070.9 20757.1 117666 18084.7 14.8452 3.45952 19.611 3.01411
7000 105793 24599.2 140492 21418.9 15.1134 3.51417 20.0703 3.05985
8000 122795 28452 163285 24826.8 15.3494 3.5565 20.4107 3.10335
9000 141081 32327.8 185018 28289.6 15.6757 3.59197 20.5576 3.14329
10000 158757 36292.3 208090 31807.2 15.8757 3.62923 20.809 3.18072
11000 177653 40251.4 231388 35344.6 16.1503 3.65922 21.0353 3.21315
12000 195137 44281.6 255192 38879 16.2614 3.69014 21.266 3.23991
13000 215478 48233.4 278322 42486.2 16.5752 3.71026 21.4094 3.26817
14000 231522 52408.3 302865 46091.8 16.5373 3.74345 21.6332 3.29227
15000 250150 56473.8 327203 49715.9 16.6767 3.76492 21.8136 3.31439
16000 271851 60468.9 347148 53494.2 16.9907 3.77931 21.6967 3.34339
17000 287568 64772.8 375178 57067.4 16.9158 3.81016 22.0693 3.35691
18000 306975 68873.3 400648 60751.5 17.0542 3.8263 22.2582 3.37509
19000 326377 72984.5 423746 64479.6 17.1777 3.84129 22.3024 3.39367
20000 345260 77257.2 447883 68260.4 17.263 3.86286 22.3942 3.41302
21000 363502 81431.2 474195 71889 17.3096 3.87768 22.5807 3.42328
22000 383023 85692.2 498138 75776.7 17.4101 3.8951 22.6426 3.4444
23000 401909 89884.2 523045 79504.6 17.4743 3.90801 22.7411 3.45672
24000 422234 94124.4 547257 83292.5 17.5931 3.92185 22.8024 3.47052
25000 444112 98360.7 572694 87090.7 17.7645 3.93443 22.9077 3.48363
26000 462530 102680 598958 90914.9 17.7896 3.94921 23.0368 3.49673
27000 484206 106897 624749 94764.9 17.9335 3.95914 23.1389 3.50981
28000 502171 111271 651664 98646.3 17.9347 3.97397 23.2737 3.52308
29000 523325 115576 679253 102484 18.0457 3.98537 23.4225 3.53394
30000 543177 119893 699820 106355 18.1059 3.99644 23.3273 3.54518
31000 562676 124259 722461 110456 18.1508 4.00836 23.3052 3.56309
32000 585455 128480 748281 114232 18.2955 4.01501 23.3838 3.56977
33000 603734 132897 776420 118104 18.295 4.02717 23.5279 3.5789
34000 623854 137287 801460 121980 18.3487 4.03787 23.5724 3.58764
35000 646654 141538 828357 125981 18.4758 4.04393 23.6673 3.59946
36000 664792 146008 856200 129931 18.4665 4.05577 23.7833 3.60919
37000 685342 150396 881448 133709 18.5227 4.06476 23.8229 3.61375
38000 707757 154743 905032 137844 18.6252 4.07219 23.8166 3.62746
39000 728938 159200 932611 141817 18.6907 4.08204 23.9131 3.63633
40000 745748 163640 963537 145595 18.6437 4.09101 24.0884 3.63988
41000 763800 168161 989123 149696 18.6293 4.10148 24.1249 3.65112
42000 788707 172502 1.01121e+06 153693 18.7787 4.10719 24.0763 3.65936
43000 805247 177013 1.03832e+06 157760 18.7267 4.11658 24.147 3.66883
44000 829494 181400 1.06242e+06 161730 18.8521 4.12273 24.146 3.67568
45000 847756 185850 1.08691e+06 165670 18.839 4.12999 24.1535 3.68155
46000 873259 190221 1.11582e+06 169646 18.9839 4.13524 24.257 3.68795
47000 892238 194903 1.1454e+06 173734 18.9838 4.14687 24.3702 3.69646
48000 919465 199122 1.16928e+06 177848 19.1555 4.14838 24.36 3.70517
49000 929406 203957 1.20207e+06 181627 18.9675 4.1624 24.5321 3.70668
50000 962172 208095 1.22564e+06 185757 19.2434 4.1619 24.5128 3.71514
