10 29 15 50 8 29 21 
10 26 12 49 9 24 17 
10 36 9 50 9 24 18 
10 24 9 53 10 27 20 
10 26 11 56 9 32 24 
10 30 13 62 7 25 17 
10 28 12 51 11 37 32 
10 28 14 55 8 31 22 
10 28 15 55 9 30 24 
10 29 16 53 9 15 7 
10 31 7 52 9 28 20 
10 30 16 62 9 18 10 
10 23 9 49 7 39 32 
10 32 17 54 10 34 29 
10 25 9 53 11 20 12 
10 23 11 52 8 32 23 
10 25 9 54 9 26 19 
10 28 13 57 9 20 11 
10 29 16 53 10 25 19 
10 26 9 56 11 31 23 
10 21 7 52 10 28 21 
10 32 16 56 11 23 14 
10 22 7 53 10 28 20 
10 31 16 57 9 33 27 
10 35 12 51 9 32 24 
10 23 8 51 9 31 26 
10 29 14 60 7 22 15 
10 34 19 58 7 32 25 
10 25 11 55 8 25 17 
10 34 19 49 8 33 26 
10 27 14 55 10 34 25 
10 24 9 50 9 29 21 
10 25 10 51 11 29 21 
10 26 12 51 8 28 21 
10 38 25 63 7 37 30 
10 26 11 63 6 30 23 
10 30 13 60 9 27 19 
10 27 11 51 9 20 13 
10 35 19 52 11 26 18 
10 27 13 53 8 31 24 
10 27 12 53 10 36 29 
10 23 8 51 12 31 24 
10 23 6 49 8 36 30 
10 28 15 52 10 25 17 
10 31 8 66 7 25 17 
10 36 20 49 10 27 20 
10 36 10 52 7 31 22 
10 27 10 56 9 31 23 
10 32 16 57 11 30 21 
10 30 15 54 9 24 17 
10 30 14 55 7 35 28 
10 22 7 49 8 33 26 
10 34 11 56 11 16 9 
10 32 17 48 10 20 12 
10 26 10 52 11 29 23 
10 29 17 55 7 29 22 
10 21 6 52 10 28 20 
10 39 24 57 10 23 16 
10 24 9 52 10 24 17 
10 23 11 56 12 30 23 
10 33 16 53 8 27 19 
10 30 14 62 4 23 15 
10 45 18 50 8 25 16 
10 31 16 51 9 24 16 
10 24 10 62 9 28 21 
10 34 8 53 11 30 21 
10 24 9 57 10 29 22 
10 25 13 58 8 25 17 
10 27 10 59 9 32 24 
10 33 12 51 10 32 26 
10 31 16 54 5 20 12 
10 30 5 53 11 29 21 
10 26 13 60 9 27 20 
10 26 14 56 9 23 15 
10 23 7 61 7 29 23 
10 32 7 60 8 36 28 
10 29 15 53 11 29 21 
10 30 19 55 11 31 24 
10 27 12 50 10 29 22 
10 24 8 56 10 33 28 
10 37 10 59 12 33 26 
10 23 10 57 6 34 29 
10 33 8 50 8 26 18 
10 29 14 52 9 28 23 
10 27 11 52 8 30 23 
10 26 10 52 6 22 14 
10 27 14 50 9 31 26 
10 30 16 52 9 34 27 
10 29 15 49 9 26 18 
10 23 8 54 11 29 21 
10 27 12 49 10 32 26 
10 29 5 49 9 24 17 
10 28 14 53 10 23 16 
10 35 10 54 9 36 29 
10 31 18 52 6 22 16 
10 27 16 54 11 33 26 
10 28 15 48 10 35 28 
10 22 7 53 10 28 20 
10 25 11 51 8 23 16 
10 29 12 56 9 26 18 
20 79 35 163 17 99 84 
20 80 27 140 22 93 75 
20 80 34 136 25 108 90 
20 82 23 146 19 110 96 
20 88 30 127 23 92 74 
20 85 22 125 20 107 90 
20 76 40 127 25 104 87 
20 93 26 134 21 104 86 
20 94 24 146 27 101 85 
20 71 30 128 26 114 99 
20 63 20 127 21 115 100 
20 84 36 136 25 114 97 
20 105 16 131 22 103 85 
20 91 35 130 21 89 73 
20 73 25 133 24 123 107 
20 72 24 121 15 101 84 
20 109 21 130 24 104 85 
20 68 26 141 21 135 119 
20 87 29 143 22 130 114 
20 83 27 151 20 100 83 
20 90 36 135 23 86 69 
20 93 44 144 23 96 79 
20 71 25 144 24 91 75 
20 70 30 129 25 117 99 
20 80 31 135 15 118 99 
20 76 32 126 23 98 80 
20 78 27 133 22 88 70 
20 76 29 134 21 121 105 
20 77 35 149 25 123 106 
20 86 29 130 23 130 113 
20 84 38 143 23 112 97 
20 75 39 163 21 106 89 
20 84 27 144 25 133 115 
20 89 36 140 22 145 133 
20 104 24 147 25 105 87 
20 83 29 136 25 97 79 
20 94 29 145 24 83 65 
20 86 35 143 26 92 73 
20 73 26 127 29 99 80 
20 103 29 156 25 123 108 
20 92 33 128 24 122 107 
20 83 33 134 17 106 91 
20 82 30 133 19 86 68 
20 69 28 146 19 117 100 
20 81 22 158 20 96 77 
20 71 21 126 21 115 100 
20 83 26 141 24 110 94 
20 86 24 151 21 115 99 
20 67 26 143 22 131 113 
20 83 36 127 25 108 92 
20 72 32 124 20 119 101 
20 69 32 160 22 114 98 
20 105 24 128 24 107 90 
20 77 39 147 25 100 83 
20 101 23 148 25 129 115 
20 94 25 126 23 108 92 
20 71 23 144 23 125 110 
20 75 28 152 21 110 93 
20 78 39 146 19 117 102 
20 77 27 125 24 92 75 
20 72 32 132 28 94 77 
20 74 37 134 23 110 93 
20 83 27 130 22 106 88 
20 95 32 127 20 143 128 
20 93 30 139 23 110 93 
20 80 34 156 24 87 68 
20 74 36 165 23 109 91 
20 93 28 151 22 129 112 
20 70 23 143 24 108 91 
20 82 27 146 21 119 101 
20 78 25 136 22 94 77 
20 70 22 135 23 96 78 
20 70 25 132 24 106 90 
20 88 24 151 19 118 104 
20 77 35 139 21 95 79 
20 84 28 156 19 105 87 
20 73 27 141 24 121 107 
20 87 21 137 22 139 126 
20 71 31 155 26 86 70 
20 100 34 152 24 139 123 
20 87 28 134 25 109 91 
20 90 24 167 23 77 59 
20 73 29 135 23 119 102 
20 78 29 154 22 96 81 
20 76 38 143 19 107 91 
20 74 38 138 19 102 87 
20 77 41 134 28 112 94 
20 91 42 139 24 126 109 
20 85 32 143 20 111 94 
20 76 30 134 23 99 81 
20 72 27 143 20 123 108 
20 100 36 127 21 79 62 
20 87 31 124 22 104 87 
20 71 22 144 19 120 104 
20 69 25 155 23 124 107 
20 102 29 142 23 115 97 
20 87 37 132 24 78 61 
20 78 17 132 26 125 107 
20 101 26 136 20 110 95 
20 72 36 136 23 97 81 
30 150 39 215 37 196 172 
30 139 56 256 40 223 195 
30 145 43 234 37 217 191 
30 173 39 217 37 232 205 
30 145 31 253 36 200 175 
30 223 25 252 37 284 259 
30 147 47 213 37 231 204 
30 168 51 218 42 226 198 
30 169 52 238 34 239 213 
30 161 53 240 44 193 164 
30 131 37 225 38 265 239 
30 151 54 262 44 242 215 
30 133 43 232 37 257 229 
30 131 43 226 39 258 232 
30 139 51 234 38 229 201 
30 153 49 257 40 261 233 
30 151 45 219 46 234 210 
30 141 37 220 33 309 284 
30 141 50 227 38 241 214 
30 159 43 224 43 284 259 
30 138 43 234 40 199 173 
30 152 32 228 34 222 196 
30 126 41 242 37 201 176 
30 138 42 208 39 224 196 
30 130 45 242 33 253 227 
30 144 36 247 36 229 200 
30 172 41 225 34 207 182 
30 127 47 229 39 269 246 
30 151 53 227 36 215 187 
30 142 54 212 40 214 187 
30 133 43 218 35 254 227 
30 139 37 232 35 239 212 
30 159 50 223 38 259 233 
30 156 39 225 37 232 206 
30 126 46 218 38 230 204 
30 174 50 236 40 244 217 
30 161 55 261 32 249 223 
30 126 51 215 44 199 172 
30 151 54 264 40 211 182 
30 147 50 226 43 253 225 
30 155 60 227 41 231 205 
30 149 44 223 36 241 212 
30 149 45 261 38 200 173 
30 133 49 223 45 265 238 
30 141 36 227 27 248 221 
30 140 56 280 38 233 205 
30 127 54 220 41 249 225 
30 156 45 220 39 267 240 
30 122 47 220 35 252 225 
30 158 37 213 39 195 169 
30 151 46 224 38 243 218 
30 197 36 263 34 212 184 
30 171 51 219 41 215 188 
30 150 57 222 39 232 208 
30 152 38 238 40 190 165 
30 158 50 242 30 246 218 
30 145 37 224 39 246 220 
30 133 36 233 36 227 198 
30 200 39 226 44 232 204 
30 169 44 231 35 249 221 
30 199 49 274 36 287 261 
30 163 50 223 39 286 263 
30 163 47 218 36 217 189 
30 175 38 232 38 223 197 
30 161 39 279 37 246 219 
30 134 46 217 42 263 234 
30 170 34 223 39 274 248 
30 156 46 215 38 194 167 
30 145 58 208 37 261 235 
30 141 51 259 40 254 229 
30 167 39 238 35 274 247 
30 135 41 217 40 207 182 
30 140 37 267 39 259 237 
30 138 64 213 44 250 224 
30 165 39 240 41 236 210 
30 135 41 273 35 219 190 
30 145 45 224 36 258 231 
30 171 50 247 42 260 232 
30 159 39 218 36 214 186 
30 147 47 203 39 247 222 
30 126 35 224 38 246 217 
30 154 36 215 41 180 152 
30 141 49 248 33 245 218 
30 144 48 274 40 255 229 
30 136 63 227 45 287 258 
30 164 46 240 33 212 186 
30 122 43 258 38 217 191 
30 131 36 221 34 244 217 
30 167 49 244 31 202 173 
30 136 58 205 33 253 226 
30 153 27 226 38 189 160 
30 128 62 237 35 249 221 
30 135 48 226 37 236 207 
30 142 37 214 34 296 270 
30 152 57 227 40 224 198 
30 147 37 215 39 265 238 
30 165 32 239 39 207 181 
30 137 48 216 41 272 245 
30 156 63 236 41 236 207 
30 173 49 225 37 249 222 
40 249 56 343 49 456 419 
40 205 70 328 53 337 299 
40 201 88 295 56 394 360 
40 248 67 341 55 394 357 
40 193 64 348 57 415 377 
40 198 67 345 55 446 410 
40 214 66 408 50 503 467 
40 235 71 362 47 512 477 
40 193 59 349 53 373 336 
40 291 53 323 57 392 355 
40 181 73 327 58 438 401 
40 215 53 331 50 399 361 
40 217 78 310 61 404 368 
40 279 60 336 57 386 348 
40 257 60 357 57 432 398 
40 205 67 346 57 379 344 
40 207 91 341 54 460 424 
40 203 77 341 62 446 412 
40 200 49 382 49 307 270 
40 193 67 349 54 382 350 
40 199 58 366 55 471 434 
40 238 74 338 51 482 444 
40 184 65 350 61 346 308 
40 236 61 344 53 431 398 
40 183 59 315 48 462 427 
40 186 60 330 55 378 341 
40 228 76 405 53 433 399 
40 250 78 329 55 415 378 
40 233 62 357 54 427 389 
40 199 78 368 53 405 370 
40 192 62 352 53 446 415 
40 184 67 339 52 377 342 
40 204 61 346 52 460 423 
40 208 71 312 55 486 450 
40 194 62 347 58 411 375 
40 235 62 361 60 388 349 
40 224 63 396 52 485 450 
40 236 62 335 57 375 341 
40 230 52 339 56 439 401 
40 178 58 340 56 450 412 
40 208 57 301 50 366 329 
40 203 59 299 48 359 323 
40 215 75 332 52 353 315 
40 279 61 348 51 422 383 
40 216 64 420 53 329 292 
40 234 67 340 50 390 353 
40 207 63 322 50 464 431 
40 191 56 335 54 388 351 
40 203 58 347 61 460 423 
40 196 80 334 51 426 388 
40 190 45 329 57 415 378 
40 233 47 309 59 353 316 
40 212 62 317 55 445 408 
40 199 75 316 60 378 342 
40 212 82 335 60 428 393 
40 213 73 319 52 402 368 
40 247 61 322 56 416 378 
40 207 69 317 56 379 342 
40 227 79 321 56 428 392 
40 226 54 320 53 460 425 
40 222 57 320 55 448 411 
40 178 70 295 58 412 376 
40 192 58 327 52 413 377 
40 209 59 352 52 421 386 
40 233 75 305 57 411 377 
40 222 57 338 48 421 387 
40 196 63 311 49 402 365 
40 196 64 383 53 399 362 
40 213 62 445 50 450 415 
40 234 52 342 54 474 439 
40 187 64 320 56 369 332 
40 247 67 369 54 373 335 
40 224 70 350 51 410 375 
40 198 76 355 54 423 388 
40 213 78 352 60 437 401 
40 205 57 326 62 338 300 
40 222 59 375 52 412 375 
40 186 80 350 46 336 303 
40 231 71 322 64 345 310 
40 208 71 312 58 351 314 
40 221 78 318 55 367 332 
40 215 64 304 60 466 433 
40 245 67 327 50 473 437 
40 204 78 365 57 384 347 
40 219 71 337 50 469 434 
40 213 52 384 53 379 341 
40 198 69 380 57 430 394 
40 181 63 313 59 405 369 
40 223 72 317 57 385 346 
40 205 75 367 58 458 419 
40 182 59 305 55 304 267 
40 227 49 325 55 415 377 
40 199 68 319 52 420 385 
40 195 49 350 57 383 347 
40 202 60 329 54 403 366 
40 213 60 338 55 519 483 
40 249 76 314 50 392 355 
40 222 62 313 61 450 414 
40 234 54 326 57 427 389 
40 209 69 341 53 412 374 
50 276 75 450 68 523 475 
50 285 69 418 63 691 647 
50 272 94 436 76 706 661 
50 237 78 432 70 622 577 
50 332 79 479 69 595 547 
50 261 85 413 72 723 680 
50 278 71 424 68 615 569 
50 265 98 469 68 692 645 
50 325 85 455 73 556 508 
50 267 80 425 73 595 551 
50 266 95 397 79 626 581 
50 255 78 424 72 611 565 
50 328 87 444 69 640 594 
50 329 71 414 79 588 544 
50 282 97 444 69 628 583 
50 285 79 462 76 680 635 
50 295 82 425 69 572 524 
50 299 77 435 72 676 629 
50 277 100 432 69 515 466 
50 266 84 402 77 668 623 
50 304 76 433 64 779 734 
50 284 83 472 74 678 633 
50 297 97 423 75 608 560 
50 304 92 443 71 609 562 
50 316 91 410 73 539 492 
50 375 89 421 66 573 531 
50 327 84 426 62 522 475 
50 257 95 432 78 778 735 
50 295 78 444 69 731 686 
50 314 88 449 79 516 470 
50 289 76 430 66 704 661 
50 315 76 454 78 705 659 
50 286 79 437 71 616 572 
50 289 96 410 73 720 676 
50 258 79 430 69 666 620 
50 304 82 423 76 528 480 
50 291 82 415 72 581 533 
50 290 74 509 73 674 629 
50 318 85 406 73 538 492 
50 329 78 462 70 622 573 
50 324 83 405 78 701 656 
50 297 82 399 79 625 579 
50 328 78 429 71 723 679 
50 263 90 403 70 669 626 
50 292 71 448 64 687 641 
50 329 70 425 74 641 597 
50 282 100 453 77 697 650 
50 284 87 494 73 665 620 
50 321 68 474 72 562 516 
50 277 79 404 74 770 726 
50 304 79 447 75 695 649 
50 332 71 416 78 541 493 
50 255 90 427 71 649 605 
50 301 94 436 80 684 635 
50 334 94 429 71 691 648 
50 275 87 436 75 610 565 
50 305 88 414 72 562 519 
50 292 87 479 64 514 466 
50 275 74 462 73 697 652 
50 293 77 471 66 662 616 
50 305 80 434 66 708 666 
50 265 90 429 77 672 628 
50 269 88 444 71 621 574 
50 374 85 447 71 557 511 
50 311 97 425 76 651 605 
50 265 85 446 70 666 619 
50 253 84 440 77 641 599 
50 280 102 407 78 681 638 
50 303 84 438 68 586 541 
50 321 74 486 79 612 565 
50 265 84 436 72 627 580 
50 261 86 417 82 714 670 
50 285 88 432 72 624 581 
50 358 67 401 76 696 652 
50 310 82 462 69 608 563 
50 270 89 437 75 687 641 
50 292 74 438 74 637 589 
50 330 91 418 75 689 640 
50 246 89 430 69 572 528 
50 351 94 423 75 631 584 
50 283 91 425 69 540 492 
50 364 69 447 69 558 509 
50 268 103 434 68 691 644 
50 248 97 444 66 761 715 
50 286 86 438 67 688 641 
50 276 79 402 70 633 587 
50 313 82 476 72 789 744 
50 279 83 417 77 619 576 
50 340 103 431 77 625 583 
50 327 70 404 69 605 560 
50 395 91 432 63 697 651 
50 283 98 432 73 690 643 
50 270 88 413 75 734 687 
50 240 77 419 74 713 667 
50 276 85 464 72 595 549 
50 263 72 429 71 563 517 
50 286 71 427 75 662 615 
50 268 78 400 76 629 582 
50 289 78 409 78 690 647 
50 274 70 463 70 615 570 
