10000 321616 805595 706242 14 21 23 24 
10000 321569 806035 706108 14 21 23 24 
10000 321627 806244 705756 14 21 23 24 
10000 321581 805203 706117 13 21 23 24 
10000 321602 805199 706241 14 21 23 24 
10000 321843 803246 704864 14 21 24 24 
10000 321952 805013 705532 14 21 23 24 
10000 321509 806058 706086 13 21 23 24 
10000 321697 803536 705019 14 21 23 24 
10000 321656 805428 705935 14 21 23 24 
10000 321903 804116 704667 14 21 23 24 
10000 321664 803951 705392 14 21 23 24 
10000 321764 805738 706117 14 21 23 24 
10000 321574 804871 705635 14 21 23 24 
10000 321310 805845 706626 14 21 23 24 
10000 321377 804154 705806 14 21 23 24 
10000 321808 802305 704310 13 21 23 24 
10000 321443 805320 705961 14 21 24 24 
10000 322038 803572 704408 14 21 24 24 
20000 703311 1650460 1511716 15 23 25 26 
20000 702888 1650416 1511908 15 23 26 26 
20000 703050 1649591 1511632 15 23 25 26 
20000 703422 1646514 1510365 15 23 26 26 
20000 703215 1653317 1512390 15 23 26 26 
20000 703585 1650865 1511775 16 23 25 26 
20000 703036 1650288 1511655 15 23 25 26 
20000 703116 1649158 1511674 15 23 26 26 
20000 703325 1650421 1511730 15 23 25 26 
20000 703685 1647287 1509177 15 23 25 26 
20000 703355 1649309 1511406 15 23 26 26 
20000 703130 1650928 1511734 15 23 26 26 
20000 703222 1649531 1511189 15 23 25 26 
20000 703366 1648397 1510605 15 23 25 26 
20000 703231 1649880 1510882 15 23 25 26 
20000 704180 1651283 1513486 16 23 26 26 
20000 703557 1648447 1510478 15 23 25 26 
20000 703269 1649964 1511186 15 23 25 26 
20000 703266 1649503 1510918 15 23 26 26 
30000 1105246 2509504 2352163 15 24 27 27 
30000 1105575 2507369 2351321 15 24 27 27 
30000 1106349 2510652 2352278 15 24 26 27 
30000 1104933 2509481 2352609 15 24 26 27 
30000 1105961 2511268 2351601 15 24 27 27 
30000 1106679 2509734 2353380 16 24 27 27 
30000 1106240 2510553 2352803 16 24 27 27 
30000 1105266 2510229 2352159 15 24 26 27 
30000 1105501 2512684 2352951 16 24 26 27 
30000 1105930 2503305 2349080 15 24 27 27 
30000 1107018 2505970 2351233 16 24 26 27 
30000 1104771 2512239 2354039 15 24 26 27 
30000 1106138 2508236 2352669 16 24 26 27 
30000 1105250 2510931 2351587 15 24 27 27 
30000 1105043 2510092 2352124 15 24 26 27 
30000 1105649 2505287 2349429 15 24 27 27 
30000 1105326 2511213 2352420 15 24 26 27 
30000 1106523 2507336 2351192 16 24 26 27 
30000 1105434 2509319 2351614 15 24 26 27 
40000 1527068 3382022 3222437 16 25 27 28 
40000 1526667 3379250 3222609 16 25 27 28 
40000 1526403 3381946 3224465 16 25 27 28 
40000 1526693 3380104 3221406 16 25 27 28 
40000 1526806 3376265 3221049 16 25 27 28 
40000 1525994 3381031 3223391 16 25 27 28 
40000 1526253 3383546 3224107 16 25 28 28 
40000 1526140 3380382 3222536 16 25 27 28 
40000 1525595 3382564 3224554 16 25 27 28 
40000 1526268 3384952 3225144 16 25 28 28 
40000 1525678 3381902 3223761 16 25 27 28 
40000 1526096 3380698 3223904 16 25 28 28 
40000 1526543 3378324 3221840 16 25 27 28 
40000 1526914 3382601 3223374 17 25 27 28 
40000 1526512 3378814 3221927 16 25 27 28 
40000 1526471 3378290 3221384 16 25 27 28 
40000 1525652 3379414 3223203 16 25 27 28 
40000 1526368 3381366 3222782 16 25 27 28 
40000 1526856 3382047 3222246 16 25 27 28 
50000 1955442 4257658 4104502 17 25 28 29 
50000 1954402 4253004 4104342 17 25 28 29 
50000 1953654 4257832 4106288 16 25 28 29 
50000 1954918 4255664 4104025 16 25 28 29 
50000 1955145 4253807 4104638 17 25 28 29 
50000 1954323 4257532 4103783 17 25 28 29 
50000 1954179 4256669 4104548 17 25 28 29 
50000 1954360 4259229 4105982 17 25 28 29 
50000 1954584 4253175 4103441 16 25 28 29 
50000 1954918 4255252 4104091 17 25 29 29 
50000 1954441 4253750 4103073 16 25 28 29 
50000 1953962 4255306 4103812 16 25 28 29 
50000 1953722 4256491 4104179 16 25 28 29 
50000 1953720 4254670 4102813 16 25 28 29 
50000 1953650 4253848 4103071 16 25 28 29 
50000 1955371 4250861 4102944 16 25 28 29 
50000 1953322 4256567 4103369 17 25 28 29 
50000 1954027 4254515 4103976 16 25 29 29 
50000 1954983 4252420 4103063 16 25 28 29 
60000 2389952 5143712 5005454 16 26 28 29 
60000 2390435 5141601 5005636 16 26 28 29 
60000 2389926 5139973 5003205 16 26 28 29 
60000 2391776 5136622 5003330 17 26 29 29 
60000 2391441 5136206 5002431 17 26 29 29 
60000 2393343 5143340 5009201 17 26 28 29 
60000 2390393 5138912 5003747 16 26 28 29 
60000 2390551 5139478 5002348 16 26 28 29 
60000 2391893 5141874 5006096 17 26 29 29 
60000 2390839 5138567 5003544 17 26 28 29 
60000 2390426 5142818 5003922 16 26 29 29 
60000 2390616 5142762 5004881 16 26 28 29 
60000 2391718 5138119 5001391 17 26 28 29 
60000 2391302 5138505 5001901 17 26 29 29 
60000 2390426 5141499 5005688 17 26 28 29 
60000 2391500 5141213 5004876 16 26 28 29 
60000 2390553 5142951 5004470 17 26 28 29 
60000 2395038 5138372 5007191 17 26 28 29 
60000 2391388 5136527 5003665 17 26 28 29 
70000 2835915 6030145 5917238 17 26 29 30 
70000 2836045 6024686 5915753 17 26 29 30 
70000 2836472 6022478 5913790 17 26 29 30 
70000 2835028 6029201 5918123 17 26 29 30 
70000 2836165 6031617 5917672 17 26 29 30 
70000 2836366 6028091 5916224 17 26 29 30 
70000 2836987 6025590 5916861 18 26 29 30 
70000 2835906 6026194 5915852 17 26 29 30 
70000 2837038 6027544 5916762 17 26 29 30 
70000 2836421 6026218 5915692 17 26 29 30 
70000 2839689 6028633 5920269 17 26 29 30 
70000 2836451 6024659 5914378 17 26 30 30 
70000 2839885 6027350 5919742 17 26 29 30 
70000 2835806 6027252 5915540 17 26 29 30 
70000 2839735 6028978 5919914 17 26 29 30 
70000 2835769 6031892 5917945 17 26 30 30 
70000 2839881 6025768 5918866 17 26 30 30 
70000 2835265 6032576 5918419 17 26 29 30 
70000 2839931 6036997 5923926 17 26 29 30 
80000 3292977 6917018 6842630 17 27 29 30 
80000 3292873 6922101 6846515 18 27 29 30 
80000 3291658 6922069 6847229 17 27 29 30 
80000 3292977 6921296 6844746 17 27 29 30 
80000 3292716 6915133 6842655 17 27 29 30 
80000 3292402 6924883 6845909 17 27 29 30 
80000 3292326 6926657 6849164 17 27 29 30 
80000 3293035 6919866 6843517 18 27 29 30 
80000 3293107 6923104 6846915 17 27 29 30 
80000 3292091 6924694 6846874 17 27 29 30 
80000 3291821 6928585 6849063 17 27 29 30 
80000 3292692 6918769 6844148 17 27 29 30 
80000 3292643 6922610 6845833 17 27 30 30 
80000 3292929 6918083 6843124 17 27 30 30 
80000 3291786 6926860 6848724 18 27 29 30 
80000 3292487 6919880 6844940 17 27 29 30 
80000 3292554 6920964 6844916 17 27 30 30 
80000 3292889 6921879 6845990 17 27 30 30 
80000 3293332 6921826 6844914 17 27 30 30 
90000 3748448 7818939 7778005 17 27 29 30 
90000 3749263 7815677 7775383 17 27 30 30 
90000 3749333 7818563 7775222 17 27 30 30 
90000 3751100 7814952 7774341 17 27 30 30 
90000 3748069 7821560 7778122 17 27 30 30 
90000 3748902 7817945 7776340 17 27 30 30 
90000 3749325 7813972 7773262 17 27 30 30 
90000 3749711 7810850 7771907 17 27 29 30 
90000 3750192 7815043 7773117 17 27 30 30 
90000 3750109 7812479 7775449 17 27 30 30 
90000 3749807 7816590 7776573 17 27 29 30 
90000 3749860 7815987 7775434 17 27 29 30 
90000 3750848 7810749 7770814 17 27 30 30 
90000 3748996 7813197 7774502 17 27 29 30 
90000 3750028 7817778 7777968 17 27 29 30 
90000 3748733 7819614 7775715 17 27 29 30 
90000 3749099 7817124 7775266 17 27 30 30 
90000 3750006 7809446 7772368 17 27 30 30 
90000 3750077 7818557 7777938 17 27 29 30 
100000 4208903 8712748 8708850 18 27 31 31 
100000 4207445 8711354 8708281 18 27 30 31 
100000 4209225 8706777 8708601 18 27 30 31 
100000 4207575 8709746 8707085 17 27 30 31 
100000 4207811 8709517 8706028 17 27 30 31 
100000 4207123 8716111 8708673 17 27 30 31 
100000 4208103 8714953 8710913 17 27 30 31 
100000 4208489 8707714 8708253 18 27 30 31 
100000 4207983 8713478 8708651 17 27 30 31 
100000 4206988 8714250 8709686 17 27 30 31 
100000 4207005 8715634 8711778 18 27 30 31 
100000 4207172 8713076 8710358 17 27 30 31 
100000 4209835 8712933 8709567 18 27 30 31 
100000 4209337 8709400 8709433 19 27 30 31 
100000 4209471 8714150 8711085 17 27 30 31 
100000 4210563 8709544 8709101 17 27 30 31 
100000 4208337 8717675 8713095 17 27 30 31 
100000 4210364 8709405 8709000 18 27 30 31 
100000 4216241 8705300 8712739 18 27 30 31 
