100 219.64 42.82 774.26 148.56 2.1964 0.4282 7.7426 1.4856
200 401.5 75.6 1605.64 302.4 2.0075 0.378 8.0282 1.512
300 627.74 112.32 2540.86 459.4 2.09247 0.3744 8.46953 1.53133
400 855.46 145.08 3381.16 613.5 2.13865 0.3627 8.4529 1.53375
500 991.62 179.06 4341.56 783.06 1.98324 0.35812 8.68312 1.56612
600 1212.78 216.24 5217.04 933.58 2.0213 0.3604 8.69507 1.55597
700 1411.56 245.36 6054.46 1081.76 2.01651 0.350514 8.64923 1.54537
800 1714.26 291.9 7135.7 1256.14 2.14283 0.364875 8.91962 1.57018
900 1859.32 312.54 8002.46 1415.54 2.06591 0.347267 8.89162 1.57282
1000 2095.02 363.12 8746.64 1563.44 2.09502 0.36312 8.74664 1.56344
1100 2160.62 374.46 9795.02 1725.82 1.9642 0.340418 8.90456 1.56893
1200 2418.56 396.34 10645 1885.8 2.01547 0.330283 8.87085 1.5715
1300 2653.3 435.56 11507.2 2041.52 2.041 0.335046 8.85166 1.5704
1400 2547.9 396.9 12495.9 2196.12 1.81993 0.2835 8.92561 1.56866
1500 2991.92 513 13349 2358.18 1.99461 0.342 8.89933 1.57212
1600 2836.08 487.82 14202.6 2522.72 1.77255 0.304887 8.8766 1.5767
1700 3393.26 576.1 15333.3 2689.46 1.99604 0.338882 9.01958 1.58204
1800 3579.9 618.78 16342.1 2835.54 1.98883 0.343767 9.07896 1.5753
1900 3476.66 571.98 16931.2 2985.64 1.82982 0.301042 8.91115 1.57139
2000 3820.76 664.88 18051 3180.42 1.91038 0.33244 9.02548 1.59021
2100 4416.94 764.94 18948.2 3329.5 2.1033 0.364257 9.02297 1.58548
2200 4179.68 742 19766.4 3473.92 1.89985 0.337273 8.98472 1.57905
2300 4579.36 811.66 20770 3634.24 1.99103 0.352896 9.03045 1.5801
2400 4410.52 718.64 21555 3791.72 1.83772 0.299433 8.98124 1.57988
2500 4967.36 867.98 22811.1 3980.34 1.98694 0.347192 9.12442 1.59214
2600 4808.52 770.44 23424.5 4089.04 1.84943 0.296323 9.00944 1.57271
2700 5438.66 873.72 24287 4289.44 2.01432 0.3236 8.99518 1.58868
2800 5712.8 962.5 25312.9 4423.94 2.04029 0.34375 9.04031 1.57998
2900 6177.14 1024.42 26087.5 4596.06 2.13005 0.353248 8.99569 1.58485
3000 6132.28 994.2 27590.3 4763.96 2.04409 0.3314 9.19677 1.58799
3100 6189.86 1093.9 27819 4921.44 1.99673 0.352871 8.97388 1.58756
3200 6227 964.86 29297.5 5081.32 1.94594 0.301519 9.15548 1.58791
3300 6529.34 1016.68 29886.1 5248.42 1.97859 0.308085 9.05639 1.59043
3400 6969.84 1158.84 30976.4 5398.66 2.04995 0.340835 9.1107 1.58784
3500 7364.96 1212.86 31978.3 5563.76 2.10427 0.346531 9.13667 1.58965
3600 7050.24 1274.34 32774.1 5721.72 1.9584 0.353983 9.10391 1.58937
3700 7872.62 1302.98 33793.7 5875.42 2.12774 0.352157 9.13343 1.58795
3800 7601.16 1272.2 34728.1 6034.74 2.00031 0.334789 9.13898 1.58809
3900 7814.18 1343.74 35771.1 6214.8 2.00364 0.344549 9.17208 1.59354
4000 8643.56 1401.5 36616.3 6382.34 2.16089 0.350375 9.15408 1.59559
4100 8161.92 1432.8 37790.9 6566.7 1.99071 0.349463 9.2173 1.60163
4200 7385.2 1297.12 38247.7 6692.9 1.75838 0.308838 9.10659 1.59355
4300 8575.16 1441.64 39436.4 6849.8 1.99422 0.335265 9.17125 1.59298
4400 9030.02 1546 40751.9 7055.98 2.05228 0.351364 9.26179 1.60363
4500 9015.6 1435.26 40963.5 7182.6 2.00347 0.318947 9.10301 1.59613
4600 9564.56 1647.84 42490.5 7359.18 2.07925 0.358226 9.23706 1.59982
4700 9590.4 1502.52 43464.8 7501.42 2.04051 0.319685 9.24783 1.59605
4800 10564 1798.68 44108.6 7705.48 2.20084 0.374725 9.1893 1.60531
4900 10444.7 1756.22 44843.3 7833.24 2.13156 0.358412 9.1517 1.59862
5000 10140.9 1752.04 46391.1 8005.2 2.02817 0.350408 9.27822 1.60104
5100 9872.68 1702.54 47239.4 8187.72 1.93582 0.333831 9.26263 1.60544
5200 9778.02 1608.8 48016.7 8346.48 1.88039 0.309385 9.23399 1.60509
5300 9867.86 1556.74 49097 8499.22 1.86186 0.293725 9.26359 1.60363
5400 11192.5 1866.58 49738.6 8630.42 2.07269 0.345663 9.21084 1.59823
5500 11409.2 1881.16 50671.2 8784 2.07439 0.342029 9.21294 1.59709
5600 11852.8 2068.2 51788.7 8934.26 2.11657 0.369321 9.24799 1.5954
5700 11834.4 2030.46 52901 9113.14 2.07621 0.356221 9.28088 1.5988
5800 12118.2 1992.22 53722.3 9333.82 2.08934 0.343486 9.26247 1.60928
5900 11037.4 2006.82 54334.4 9462.54 1.87075 0.340139 9.20922 1.60382
6000 11114.5 1925.16 55438.1 9590.14 1.85242 0.32086 9.23968 1.59836
6100 11889.3 2002.38 56424.9 9772.08 1.94906 0.328259 9.24998 1.60198
6200 12366.2 2132.94 57515.9 9935 1.99455 0.344023 9.27676 1.60242
6300 12089.2 1895.34 58431.2 10073 1.91893 0.300848 9.27479 1.59888
6400 12161.3 2060.68 59138.2 10298.3 1.9002 0.321981 9.24034 1.60911
6500 12115.1 1872.04 59551.6 10350.5 1.86387 0.288006 9.16179 1.59238
6600 12707.6 2036.9 61318.9 10558.5 1.92539 0.308621 9.29075 1.59978
6700 11746.7 1861.9 61964.3 10777.4 1.75324 0.277896 9.24841 1.60857
6800 13205.5 2205.74 62524.9 10954.8 1.94199 0.324374 9.19484 1.61099
6900 13842.9 2394.22 63795.3 11060.3 2.00622 0.346988 9.2457 1.60294
7000 14460.4 2441.08 64897.3 11176.7 2.06577 0.348726 9.27105 1.59667
7100 13703.2 2062.2 66419.9 11382.7 1.93003 0.290451 9.35492 1.6032
7200 12627.1 2143.08 66981.8 11563 1.75377 0.29765 9.30302 1.60598
7300 14656.5 2383.7 68078.2 11760.6 2.00774 0.326534 9.32578 1.61104
7400 14894.3 2424.3 68560.4 11876.5 2.01275 0.327608 9.26492 1.60494
7500 15426.9 2495.88 69148.2 12030.5 2.05692 0.332784 9.21977 1.60407
7600 14832.8 2252.88 70823.7 12170.1 1.95169 0.296432 9.31891 1.60133
7700 15622.6 2730.04 71307.7 12353.1 2.0289 0.354551 9.26074 1.6043
7800 16053.4 2708.52 72362.4 12570.7 2.05813 0.347246 9.27723 1.61163
7900 16864.7 2776.18 74271.6 12740.9 2.13478 0.351415 9.40146 1.61277
8000 14481.4 2370.26 74320 12890.8 1.81017 0.296283 9.29 1.61135
8100 16433.8 2725.8 75526.6 13057.5 2.02887 0.336519 9.32427 1.61204
8200 16813.2 2753.6 77016.7 13204.6 2.0504 0.335805 9.39228 1.61032
8300 16883.7 2826.6 77652.3 13411.9 2.03419 0.340554 9.3557 1.61589
8400 16614.1 2818.44 77789.9 13504.1 1.97787 0.335529 9.26071 1.60763
8500 15960.2 2751.18 79287.8 13684.1 1.87767 0.323668 9.32798 1.60989
8600 17613.5 2984.66 80076.8 13902.6 2.04808 0.347053 9.31126 1.61659
8700 17369.3 2973.42 82074.9 14033.3 1.99648 0.341772 9.43389 1.61303
8800 17000.3 2953.58 82268.8 14193.3 1.93185 0.335634 9.34873 1.61288
8900 17131.7 2723.44 83072.2 14351.7 1.92491 0.306004 9.33395 1.61256
9000 18494.6 3053.36 83233 14439.3 2.05496 0.339262 9.24811 1.60437
9100 17461.6 3053.76 83784.7 14599.8 1.91886 0.335578 9.20711 1.60438
9200 19593.3 3448.14 86872.8 14878.4 2.12971 0.374798 9.4427 1.61722
9300 18735.7 3022.76 86554.4 14978.4 2.01459 0.325028 9.30692 1.61058
9400 16947 2951.6 87637.2 15129.6 1.80287 0.314 9.32311 1.60953
9500 18784.2 3201.36 89507.7 15352.8 1.97729 0.336985 9.42186 1.61609
9600 20891.2 3360.4 89791.7 15422.5 2.17617 0.350042 9.3533 1.60651
9700 18902.6 3411.78 90022.1 15573.5 1.94872 0.35173 9.28063 1.60551
9800 18986.7 3177.9 91575.7 15792.9 1.93742 0.324276 9.34446 1.61152
9900 18765.1 3387 92603.4 15985.6 1.89547 0.342121 9.35387 1.61471
10000 19516.3 3413.76 92886.1 16139.2 1.95163 0.341376 9.28861 1.61392
10100 19336.3 3070.82 95228.2 16338.5 1.91449 0.304042 9.42853 1.61768
10200 19386.1 3341.72 95800 16512.7 1.9006 0.32762 9.39215 1.61889
10300 20693.9 3180.6 96324.9 16669.7 2.00912 0.308796 9.35193 1.61842
10400 20754.6 3506.1 97310.4 16802.9 1.99563 0.337125 9.35677 1.61567
10500 23007.9 3865.32 98071.1 16934.8 2.19123 0.368126 9.3401 1.61284
10600 21529.8 3632.22 98049.9 16980.1 2.03112 0.342662 9.24999 1.6019
10700 21815.6 3654.2 99496.4 17269.9 2.03884 0.341514 9.29873 1.61401
10800 21200.5 3571.56 101829 17465.1 1.96301 0.3307 9.42857 1.61714
10900 20153.3 3148.72 101570 17523.3 1.84892 0.288873 9.31835 1.60764
11000 23176.3 3781.02 102868 17745 2.10694 0.343729 9.35167 1.61318
11100 23028.9 3794.44 103503 17851.5 2.07467 0.341841 9.32464 1.60825
11200 22074.8 3725.44 103635 17944.9 1.97096 0.332629 9.25317 1.60222
11300 22793.2 3893.92 106349 18333.3 2.0171 0.344595 9.41144 1.62241
11400 24217.6 3887.86 107086 18430.7 2.12435 0.34104 9.39352 1.61673
11500 21487.1 3788.4 107662 18487.3 1.86845 0.329426 9.36187 1.60759
11600 22662 4078.42 108964 18743.5 1.95362 0.351588 9.39347 1.61582
11700 23673.1 4114.32 109922 18823.8 2.02334 0.351651 9.39502 1.60887
11800 23610.9 3687.78 111034 19018.9 2.00093 0.312524 9.4097 1.61177
11900 23488.1 3945.12 111455 19183.2 1.97379 0.331523 9.36597 1.61204
12000 26574.5 4413.18 112730 19445.4 2.21454 0.367765 9.39414 1.62045
12100 24921.1 4323.8 111898 19632.3 2.05959 0.357339 9.2478 1.6225
12200 25008.2 4064.44 114903 19780.9 2.04986 0.333151 9.41828 1.62139
12300 25878.7 4409.46 115174 19918.1 2.10396 0.358493 9.36373 1.61936
12400 26799.3 4483.8 117834 20141.6 2.16123 0.361597 9.50276 1.62432
12500 25993.3 4190.82 116479 20177 2.07946 0.335266 9.31831 1.61416
12600 23544.3 4046.9 118424 20425.7 1.8686 0.321183 9.3987 1.62109
12700 25559.2 4425.92 119933 20521.1 2.01253 0.348498 9.44354 1.61584
12800 25340.4 4261.96 120842 20707.2 1.97972 0.332966 9.4408 1.61775
12900 27123.7 4756.76 121019 20774.6 2.10262 0.368741 9.38131 1.61043
13000 27423.1 4453.34 122080 21047.7 2.10947 0.342565 9.3908 1.61906
13100 27208.9 4461.86 123532 21298.5 2.07702 0.3406 9.42991 1.62584
13200 30064.7 4691.98 124327 21303.6 2.27763 0.355453 9.41874 1.61391
13300 28114.3 4945 124910 21523.6 2.11386 0.371805 9.39174 1.61831
13400 27135.4 4458.84 126078 21711.9 2.02503 0.332749 9.40879 1.62029
13500 28229.2 4403.24 126290 21840.7 2.09105 0.326166 9.35478 1.61783
13600 26546.8 4550.24 127397 21907.5 1.95197 0.334576 9.36745 1.61085
13700 27220.3 4285.02 128594 22182.1 1.98688 0.312775 9.38644 1.61913
13800 30225.9 5202.62 129497 22378 2.19029 0.377001 9.38386 1.6216
13900 27347.8 4698.02 130111 22479.2 1.96747 0.337987 9.36049 1.61721
14000 27267.3 4808.18 131875 22583.3 1.94766 0.343441 9.41966 1.61309
14100 27461 4825.46 131774 22658.2 1.94759 0.342231 9.34564 1.60696
14200 30143.7 4734.72 133264 22970.3 2.1228 0.333431 9.38476 1.61762
14300 29534.6 4711.82 134256 23173.7 2.06536 0.329498 9.38855 1.62054
14400 29379.7 4686.3 134028 23132.7 2.04026 0.325437 9.30752 1.60644
14500 30279.4 4911.64 137620 23547.6 2.08824 0.338734 9.491 1.62397
14600 27726.7 4326.64 139151 23706.6 1.89909 0.296345 9.53087 1.62374
14700 27214.3 4744.94 138278 23778.4 1.85131 0.322785 9.40664 1.61758
14800 28958.8 4990 138364 23791.8 1.95668 0.337162 9.34893 1.60755
14900 31783.3 5441.32 140170 23994.2 2.1331 0.365189 9.40739 1.61035
15000 30401.9 5076.92 141602 24320 2.0268 0.338461 9.44013 1.62133
15100 28113.6 4570.3 141148 24476.9 1.86183 0.302669 9.34755 1.62099
15200 32253.2 5236.7 142251 24555.7 2.12192 0.34452 9.3586 1.61551
15300 28803.9 4657.48 144372 24779 1.88261 0.30441 9.4361 1.61955
15400 31671.4 5255.08 143998 24949.5 2.05659 0.341239 9.35054 1.6201
15500 31457.3 5694.36 145603 25086 2.0295 0.367378 9.39373 1.61845
15600 30940.3 5180.08 145011 25059.4 1.98335 0.332056 9.29556 1.60637
15700 30760.6 5329.46 148143 25468.7 1.95927 0.339456 9.43584 1.62221
15800 28867.3 4732.9 150292 25613.7 1.82705 0.299551 9.51213 1.62112
15900 30331.2 5002.12 149481 25769.9 1.90763 0.314599 9.4013 1.62075
16000 29940.8 4819.1 150868 25951.8 1.8713 0.301194 9.42928 1.62199
16100 32035.8 5219.7 151354 26079.9 1.9898 0.324205 9.40085 1.61987
16200 33329.3 5626.2 152906 26281.2 2.05737 0.347296 9.43864 1.6223
16300 29366.3 4991.18 155484 26411.4 1.80161 0.306207 9.53891 1.62033
16400 34215.5 5824.82 153911 26527.1 2.08631 0.355172 9.38481 1.6175
16500 32463.6 5452.42 155729 26776.5 1.96749 0.33045 9.43814 1.62282
16600 33483.2 5578.96 158498 26948.8 2.01706 0.336082 9.54809 1.62342
16700 32761.1 5943.12 156742 27120 1.96174 0.355875 9.38575 1.62395
16800 30774.7 4988.34 157765 27260.1 1.83183 0.296925 9.39075 1.62262
16900 30938.4 5209.1 158697 27419.8 1.83068 0.308231 9.39036 1.62247
17000 32861.8 5290.64 160353 27575.3 1.93305 0.311214 9.43251 1.62208
17100 36815.5 6100.14 161623 27700.8 2.15296 0.356733 9.45164 1.61993
17200 35202 5500.94 160027 27663.7 2.04663 0.319822 9.30392 1.60835
17300 37165.3 6379.76 163881 28052.8 2.14828 0.368772 9.47287 1.62155
17400 37426 6228.72 163935 28141.6 2.15092 0.357972 9.42153 1.61733
17500 33178.2 5315.56 165890 28409.4 1.8959 0.303746 9.47944 1.62339
17600 35110.9 5881.92 165554 28503.3 1.99494 0.3342 9.40648 1.61951
17700 35190.4 6118.9 167329 28662.8 1.98816 0.345701 9.45362 1.61937
17800 35271.1 5964.86 168141 28837.8 1.98152 0.335104 9.44611 1.6201
17900 35023.5 6002.4 167259 29014.9 1.95662 0.33533 9.34407 1.62094
18000 36878.5 6272.04 168447 29257.4 2.04881 0.348447 9.35817 1.62541
18100 34622.7 5834.28 170740 29283.4 1.91286 0.322336 9.43317 1.61787
18200 37630.5 6178.74 171353 29532.1 2.06761 0.339491 9.41502 1.62265
18300 32782.7 5644.92 172506 29638.7 1.7914 0.308466 9.42656 1.6196
18400 37461.5 6038.7 174186 29936.1 2.03595 0.32819 9.46662 1.62696
18500 37428.6 6447.42 175179 30079.2 2.02317 0.348509 9.46915 1.6259
18600 36790.5 6327.28 175578 30204.2 1.97798 0.340176 9.43965 1.62388
18700 35839 6067.26 176133 30354.9 1.91653 0.324452 9.41887 1.62326
18800 37459 6261.42 177706 30526.9 1.9925 0.333054 9.45243 1.62377
18900 37588.6 6169.36 178755 30631.7 1.98881 0.326421 9.45795 1.62072
19000 39387.6 6636.86 179749 30801.8 2.07303 0.349308 9.46046 1.62115
19100 37773.9 6136.32 180379 30952.7 1.97769 0.321273 9.44394 1.62056
19200 35113.2 6062.9 179708 31107.2 1.82881 0.315776 9.35979 1.62017
19300 38830.1 6331.44 181707 31266 2.01192 0.328054 9.41485 1.62
19400 38354.3 6353.8 183740 31359.9 1.97703 0.327515 9.47114 1.61649
19500 37222.3 6438.56 183216 31557.6 1.90884 0.330183 9.39571 1.61834
19600 36146.2 6195.46 186201 31772.9 1.84419 0.316095 9.50006 1.62107
19700 35188.8 5693.64 185189 32059.7 1.78623 0.289017 9.40045 1.6274
19800 39089.7 6620.24 185202 31958.7 1.97423 0.334356 9.35363 1.61408
19900 42134.3 6810 188225 32327.6 2.1173 0.342211 9.45854 1.6245
20000 41914.3 7381.74 188072 32495.5 2.09572 0.369087 9.40361 1.62477
20100 41395.3 6949.6 190835 32592.6 2.05947 0.345751 9.49426 1.62152
20200 40636 6802.64 189823 32738.1 2.01168 0.336764 9.39718 1.6207
20300 45878.1 7530.4 192199 33045.6 2.26 0.370956 9.46795 1.62786
20400 41660.3 7090.08 193426 33214.5 2.04217 0.347553 9.48165 1.62816
20500 43750 7460.92 193109 33423.1 2.13415 0.363947 9.41994 1.6304
20600 41564.6 7297.66 194744 33317.3 2.0177 0.354255 9.45362 1.61734
20700 44906.4 7876.9 197073 33648.3 2.16939 0.380527 9.52043 1.62552
20800 42406.6 6995.52 196562 33898 2.03878 0.336323 9.45011 1.62971
20900 40449.7 6777.94 196510 33734.2 1.93539 0.324303 9.40241 1.61408
21000 44652.6 7152.24 199483 34077.7 2.12631 0.340583 9.49921 1.62275
21100 45004.3 7242.2 197921 34167 2.1329 0.343232 9.38012 1.61929
21200 43225.7 6861.34 201210 34558.7 2.03895 0.323648 9.49103 1.63013
21300 43271.3 7246.58 200966 34531.1 2.03151 0.340215 9.43502 1.62118
21400 43161.5 7003.18 202868 34674.8 2.01689 0.327251 9.47979 1.62032
21500 41122.4 7079.58 204336 35080.9 1.91267 0.329283 9.50398 1.63167
21600 39895.5 6656.78 206107 35057.2 1.84701 0.308184 9.542 1.62302
21700 42330.1 6947.48 204156 35199.9 1.9507 0.32016 9.40811 1.62212
21800 43880.6 6880.34 206710 35328.5 2.01287 0.315612 9.48209 1.62057
21900 45234.5 7458.32 206995 35613.4 2.0655 0.340563 9.45183 1.62618
22000 46954.6 8218 207667 35791 2.1343 0.373545 9.43942 1.62686
22100 46736.1 7888.62 208382 35708.7 2.11476 0.356951 9.42906 1.61578
22200 40469.7 6720.48 210140 36137.4 1.82296 0.302724 9.46578 1.62781
22300 44944.9 7121.46 211396 36260.6 2.01547 0.319348 9.47963 1.62604
22400 41101.9 6639.62 209964 36352.5 1.83491 0.296412 9.37338 1.62288
22500 46114.7 8351.58 215358 36464.2 2.04954 0.371181 9.57146 1.62063
22600 46934.8 8014.64 214615 36761.3 2.07676 0.35463 9.49624 1.62661
22700 46656.1 7357 214571 36913 2.05533 0.324097 9.45248 1.62612
22800 43775.6 6881.74 216109 36971.9 1.91998 0.301831 9.47848 1.62157
22900 45043.8 7720.02 216768 37215.1 1.96698 0.337119 9.46585 1.62511
23000 46826.7 7600.98 217875 37393.9 2.03594 0.330477 9.47284 1.62582
23100 48711.8 8012.66 220374 37670.9 2.10874 0.346868 9.53999 1.63077
23200 45924.9 7289.06 219526 37758.6 1.97952 0.314184 9.46234 1.62753
23300 49196.1 8253.46 220128 37867.9 2.11142 0.354226 9.44754 1.62523
23400 42819.1 7315.96 223282 38052.8 1.82988 0.312648 9.54198 1.62619
23500 42271.4 7165.66 221859 38180.9 1.79878 0.304922 9.4408 1.62472
23600 45892 7086.5 221652 38393.9 1.94457 0.300275 9.39202 1.62686
23700 47763.9 8370.7 224171 38566.2 2.01535 0.353194 9.45867 1.62726
23800 47915.1 7828.58 226159 38656.8 2.01324 0.328932 9.50248 1.62423
23900 46034.1 7856.06 225494 38861 1.92611 0.328705 9.43492 1.62598
24000 50485.3 8502.8 227221 39180.2 2.10356 0.354283 9.46754 1.63251
24100 46732.5 7441.46 226333 39033.1 1.93911 0.308774 9.39142 1.61963
24200 47395.4 8570.22 228803 39366.4 1.95849 0.354141 9.45466 1.62671
24300 50289.8 8151.1 229984 39411.5 2.06954 0.335436 9.46438 1.62187
24400 49784.2 8278.44 229339 39654.1 2.04034 0.33928 9.39914 1.62517
24500 45938.3 8057.36 232225 39812.1 1.87503 0.328872 9.47857 1.62498
24600 49626.7 7871.24 234513 40011.9 2.01735 0.319969 9.53307 1.6265
24700 55701 9068.12 235528 40206.8 2.2551 0.36713 9.53557 1.62781
24800 48938.8 8420.56 234146 40279.4 1.97334 0.339539 9.44139 1.62417
24900 47877 7785.5 236514 40518.7 1.92277 0.312671 9.49854 1.62726
25000 43321 6816.8 236605 40627.5 1.73284 0.272672 9.46421 1.6251
25100 50629.6 8783.76 241504 41017.9 2.01712 0.349951 9.62169 1.63418
25200 53836.7 9113.32 238997 41110.8 2.13638 0.36164 9.48399 1.63138
25300 49961.2 8359.2 238673 41186.2 1.97475 0.330403 9.43373 1.62791
25400 49593.6 8473.38 241262 41323 1.9525 0.333598 9.49852 1.62689
25500 51552.3 8262.36 241898 41491.3 2.02166 0.324014 9.4862 1.62711
25600 48624.3 7413.92 240440 41715.3 1.89939 0.289606 9.39217 1.6295
25700 49801.9 8266.38 244476 41824.8 1.93782 0.321649 9.5127 1.62742
25800 49764.1 7692.08 243033 41983.5 1.92884 0.298143 9.4199 1.62727
25900 49124.9 8149.28 241847 42058.8 1.89672 0.314644 9.33774 1.62389
26000 50168 8476.8 247099 42337.1 1.92954 0.326031 9.50381 1.62835
26100 52666.8 9084.3 247606 42554.6 2.01789 0.348057 9.48684 1.63044
26200 52022.2 8667.94 248946 42693.8 1.98558 0.330837 9.50176 1.62954
26300 49285.9 8290.56 248953 42773.7 1.87399 0.31523 9.46588 1.62638
26400 52569.3 8789.36 250872 42721.6 1.99126 0.33293 9.50274 1.61824
26500 53407.7 9303.8 249411 43088.3 2.01539 0.351087 9.41174 1.62597
26600 49603.3 8494.82 253430 43371.3 1.86478 0.319354 9.52745 1.6305
26700 49558.8 7910.14 252013 43393 1.85613 0.29626 9.43868 1.62521
26800 56185.2 9328.16 254878 43582.7 2.09646 0.348066 9.51039 1.62622
26900 50452.7 8273.26 255286 43810.6 1.87557 0.307556 9.49017 1.62865
27000 54377.5 9036.98 254824 43888.7 2.01398 0.334703 9.43794 1.62551
27100 54808.3 8994.16 258774 44109.9 2.02245 0.331888 9.54884 1.62767
27200 55370.5 9107.14 258924 44345.4 2.03568 0.334821 9.51925 1.63035
27300 49538.3 7684.58 257496 44386.2 1.81459 0.281486 9.43211 1.62587
27400 55403.2 8977.74 260235 44735 2.02202 0.327655 9.49763 1.63266
27500 52927.1 8776.24 260916 44941.7 1.92462 0.319136 9.48786 1.63424
27600 56189.2 8963.76 262040 45047.5 2.03584 0.324774 9.49421 1.63216
27700 54070 9847.52 259932 44883.4 1.95199 0.355506 9.38383 1.62034
27800 51464.1 8354.12 261646 45238 1.85123 0.300508 9.41173 1.62727
27900 52156.6 8687.96 263687 45380.6 1.86941 0.311396 9.45113 1.62655
28000 55026.9 9148.44 268870 45558.6 1.96525 0.32673 9.60248 1.62709
28100 53885.1 8959.9 265998 45746.3 1.91762 0.318858 9.46614 1.62798
28200 57549.3 10099.2 265764 45791.6 2.04075 0.358127 9.42427 1.62382
28300 59456.5 9580.46 269741 46047.7 2.10094 0.338532 9.53148 1.62713
28400 56393.3 9550.7 270347 46299.5 1.98568 0.336292 9.51926 1.63027
28500 58236.7 9472.76 270476 46193.8 2.04339 0.332378 9.49037 1.62083
28600 62420.7 11048.3 272227 46566.6 2.18254 0.386303 9.51843 1.6282
28700 58151.6 9423.2 275525 46793.8 2.02619 0.328334 9.60017 1.63045
28800 51604.6 8425.92 274318 46963.6 1.79183 0.292567 9.52493 1.63068
28900 57832.5 10189.4 276257 47028.3 2.00112 0.352574 9.55906 1.62728
29000 60061.1 10133.2 277731 47220.8 2.07107 0.349422 9.57692 1.6283
29100 60857.5 10252.3 278380 47422.8 2.09132 0.352313 9.56633 1.62965
29200 63925.9 10781.8 276918 47500.2 2.18924 0.36924 9.48348 1.62672
29300 55371.5 9271.98 278884 47859.5 1.88981 0.31645 9.51823 1.63343
29400 60218.3 9664.66 280873 48010.3 2.04824 0.32873 9.55351 1.633
29500 64163.4 10764.5 278260 47821 2.17503 0.3649 9.43255 1.62105
29600 59643.8 9693.5 281648 48137.8 2.01499 0.327483 9.51514 1.62628
29700 58182.9 9976.96 286832 48367.3 1.95902 0.335925 9.65766 1.62853
29800 56042.4 9610.1 282587 48476.6 1.88062 0.322487 9.48279 1.62673
29900 55537.5 9153.26 283951 48619.9 1.85744 0.306129 9.49668 1.62608
30000 62004.5 10305.3 287165 48837.9 2.06682 0.343511 9.57216 1.62793
30100 58742.1 9624.72 286317 48928.7 1.95157 0.319758 9.51221 1.62554
30200 59096.8 9570.88 290585 49264.4 1.95685 0.316917 9.62202 1.63127
30300 58485.9 9689.46 289487 49280.9 1.93023 0.319784 9.55404 1.62643
30400 57767.9 9090.74 289157 49451.1 1.90026 0.299038 9.51174 1.62668
30500 58023.6 9504.68 291582 49748.1 1.90241 0.311629 9.56008 1.63109
30600 61075.5 10622.7 292170 49879.4 1.99593 0.347146 9.54803 1.63005
30700 65003.3 11520.5 291387 50174.6 2.11737 0.375259 9.49142 1.63435
30800 57898 9538.08 293556 50292.3 1.87981 0.309678 9.53105 1.63287
30900 61503.4 10086.3 294652 50264.4 1.9904 0.326418 9.53566 1.62668
31000 59227.4 9679.22 293458 50455.7 1.91056 0.312233 9.46639 1.6276
31100 62257 10583.8 298840 50625.2 2.00183 0.340316 9.609 1.62782
31200 59917.4 9595.38 298814 50822.9 1.92043 0.307544 9.57738 1.62894
31300 67626.5 11108.4 298393 50988.3 2.16059 0.3549 9.53334 1.62902
31400 63006.7 10066.3 297178 51084.2 2.00658 0.320584 9.46428 1.62689
31500 64355.6 11226.8 299742 51475.7 2.04303 0.356408 9.51561 1.63415
31600 58726.8 9725.3 301863 51690.6 1.85844 0.307763 9.55264 1.63578
31700 60416.8 10252.9 304236 51719.5 1.90589 0.323436 9.59735 1.63153
31800 62757.2 10832.4 301173 52045.8 1.9735 0.340642 9.47085 1.63666
31900 64025.1 10573.6 302524 51997.2 2.00706 0.33146 9.4835 1.63001
32000 65156.6 11564 305333 52128.5 2.03614 0.361376 9.54166 1.62902
32100 61755.7 10080.2 304625 52194.9 1.92385 0.314026 9.48988 1.62601
32200 68866.5 10536.7 305032 52333.6 2.13871 0.327225 9.47304 1.62527
32300 63625.2 10684 309463 52549.6 1.96982 0.330773 9.58091 1.62692
32400 65633.6 11071.2 309630 52798.6 2.02573 0.341702 9.55648 1.62959
32500 68403 11365 306458 52952.5 2.10471 0.349691 9.42949 1.62931
32600 64935 10487.1 311100 53333.6 1.99187 0.32169 9.54294 1.636
32700 65532.1 10549.8 311404 53352.5 2.00404 0.322625 9.52307 1.63158
32800 64788.4 10275.4 311584 53618.8 1.97526 0.313276 9.49952 1.63472
32900 71407.9 12389.1 309069 53500 2.17045 0.37657 9.39419 1.62614
33000 65015.4 10529.2 312181 53650.4 1.97016 0.319068 9.46003 1.62577
33100 62792.8 10331.8 313309 53699.1 1.89706 0.31214 9.46552 1.62233
33200 70630.8 11790.9 322846 54024.8 2.12743 0.355148 9.72427 1.62725
33300 70075.8 11181.1 316129 54413.2 2.10438 0.335768 9.49336 1.63403
33400 66369.1 10868.8 317566 54492.1 1.9871 0.325412 9.50797 1.6315
33500 67743.4 11666.1 316077 54504.5 2.02219 0.348242 9.43514 1.627
33600 65117.9 11133.3 319730 54693.6 1.93803 0.331349 9.51578 1.62779
33700 73678.2 12322.9 322813 54959.4 2.1863 0.365665 9.57901 1.63084
33800 66237.7 11139.1 319866 54771.2 1.95969 0.329558 9.46349 1.62045
33900 66858.8 10827.8 322006 55231.5 1.97224 0.319405 9.49869 1.62925
34000 70492.9 11695.3 324129 55427.5 2.07332 0.343979 9.5332 1.63022
34100 70877.7 11978.6 321812 55262.7 2.07852 0.351278 9.43731 1.62061
34200 67169.4 10829.3 324479 55696.2 1.96402 0.316647 9.48768 1.62855
34300 75903.3 12552.9 328428 56122.9 2.21292 0.365975 9.57516 1.63624
34400 69222.3 11238 327115 56138.6 2.01228 0.326687 9.50915 1.63193
34500 69992.6 11448.4 327962 56149.2 2.02877 0.331838 9.50616 1.62751
34600 64916.1 11217.9 330556 56241.5 1.87619 0.324217 9.55364 1.62548
34700 71362.7 11608.9 332000 56672.7 2.05656 0.33455 9.56771 1.63322
34800 68032.2 11260.5 329959 56828.8 1.95495 0.323578 9.48159 1.63301
34900 69481.3 11035.6 334284 57065.7 1.99087 0.316207 9.57833 1.63512
35000 66667 10708.1 332893 57086.8 1.90477 0.305945 9.51122 1.63105
35100 75699.3 13535.6 331677 57067.5 2.15668 0.385629 9.44949 1.62586
35200 67107.4 11128.4 331124 57259.4 1.90646 0.316148 9.40692 1.62669
35300 66808.5 10718.4 334552 57515.4 1.89259 0.303639 9.47741 1.62933
35400 71564.3 12206.8 338646 57845.4 2.02159 0.344824 9.56628 1.63405
35500 73438.9 12049.7 337468 57695.4 2.0687 0.339428 9.50614 1.62522
35600 68682.4 11675.6 340318 58223 1.92928 0.327966 9.55948 1.63548
35700 76552.9 12952.7 340675 58235.6 2.14434 0.36282 9.54271 1.63125
35800 70061.7 11800.4 341639 58548.6 1.95703 0.32962 9.54298 1.63543
35900 71119.2 12731.2 344911 58621.1 1.98104 0.354628 9.60754 1.6329
36000 76303.9 12792.9 340949 58796.8 2.11955 0.355359 9.47081 1.63324
36100 72077.5 11697.3 345603 59033.2 1.99661 0.324025 9.57348 1.63527
36200 72915.6 12202.8 343825 59102.7 2.01424 0.337094 9.49792 1.63267
36300 76191.8 12608.7 348690 59232.7 2.09895 0.347348 9.60577 1.63175
36400 70958.3 12094.4 348991 59446.4 1.9494 0.332264 9.58766 1.63314
36500 76461 12876.6 347444 59207.9 2.09482 0.352784 9.51902 1.62213
36600 73095.3 11582.1 348125 59565.1 1.99714 0.316452 9.51161 1.62746
36700 78787.6 13135.6 352619 59938.9 2.1468 0.357917 9.60814 1.63321
36800 71587.5 11100.6 352584 60053.1 1.94531 0.301646 9.58108 1.63188
36900 83721.8 14197.7 352809 60222.7 2.26888 0.384762 9.56123 1.63205
37000 69971.9 11878.9 349761 60104.4 1.89113 0.321051 9.45299 1.62444
37100 76701.9 12915.4 354244 60549.8 2.06744 0.348123 9.54835 1.63207
37200 74225.2 12266.8 351857 60739.7 1.9953 0.329753 9.45851 1.63279
37300 80688.5 12710.4 353606 60533.9 2.16323 0.340761 9.48005 1.62289
37400 75782.3 12943.1 357142 61003.2 2.02627 0.346072 9.54925 1.6311
37500 75169.7 12420.8 361469 61273.8 2.00453 0.331221 9.63917 1.63397
37600 77908.5 12539.2 358923 61303.2 2.07203 0.33349 9.54581 1.63041
37700 73113.7 12221.4 356105 61613 1.93936 0.324176 9.44575 1.6343
37800 73952.6 12565.6 362529 61848.9 1.95642 0.332423 9.59072 1.63621
37900 79604.1 14248.3 359679 61770.7 2.10037 0.375944 9.49021 1.62983
38000 71944.8 11839.5 362999 61851.4 1.89328 0.311565 9.55262 1.62767
38100 67726.2 11568.1 364273 62302.7 1.77759 0.303625 9.56097 1.63524
38200 79343.5 14385.2 363363 62208 2.07705 0.376576 9.51212 1.62848
38300 71872.2 11975.5 366247 62432.9 1.87656 0.312677 9.5626 1.6301
38400 80351.1 14032 361845 62570.6 2.09248 0.365417 9.42305 1.62944
38500 79833.9 12856.5 364744 62858 2.07361 0.333934 9.47386 1.63268
38600 75815.4 13545.4 368754 63071.9 1.96413 0.350917 9.55322 1.63399
38700 81452.1 13552.7 370856 63149.4 2.1047 0.3502 9.58283 1.63177
38800 75448.5 12726 369607 63247 1.94455 0.327989 9.52594 1.63008
38900 77256.5 13365.8 374025 63632.2 1.98603 0.343593 9.61504 1.63579
39000 78949.3 13268 370835 63720.4 2.02434 0.340206 9.50858 1.63386
39100 78501.5 13183.1 367644 63741.4 2.00771 0.337164 9.40265 1.63021
39200 81154.6 12612 374314 64214.6 2.07027 0.321734 9.54884 1.63813
39300 71770.4 12551.7 378591 64278.8 1.82622 0.319383 9.63335 1.63559
39400 80899.1 13664.2 377475 64529.5 2.05328 0.346808 9.58057 1.6378
39500 75335.8 12752.8 378380 64612.4 1.90724 0.322855 9.57924 1.63576
39600 83279.4 13265 378541 64741.9 2.10302 0.334974 9.55911 1.6349
39700 81507.1 13005.7 381045 64933.4 2.05308 0.327599 9.59812 1.6356
39800 84612.3 13914.8 378822 64760.3 2.12594 0.349617 9.51814 1.62714
39900 85138 13756.2 377109 65086.9 2.13378 0.344766 9.45136 1.63125
40000 81351.1 13584.1 378429 65302.1 2.03378 0.339602 9.46073 1.63255
40100 80741.9 13887.3 383514 65367.2 2.01351 0.346318 9.56395 1.6301
40200 83819.6 14289.4 380127 65824.1 2.08506 0.355458 9.4559 1.63741
40300 76707.6 13774.1 382531 65698.1 1.90341 0.341788 9.49208 1.63023
40400 76849.8 12457.3 389783 66084.9 1.90222 0.308349 9.64808 1.63577
40500 73434.1 11691.9 382911 66217.2 1.81319 0.288689 9.4546 1.63499
40600 83153.1 14944 386226 66456.4 2.04811 0.368078 9.51296 1.63686
40700 84773.4 13032.2 387223 66452.7 2.08288 0.320202 9.51407 1.63274
40800 84490.1 14043.9 386975 66555.4 2.07084 0.344212 9.48467 1.63126
40900 79112.1 13137.3 389097 66851.7 1.93428 0.321206 9.51337 1.63452
41000 80877.1 13860.2 395009 66941.8 1.97261 0.338053 9.63437 1.63273
41100 82321.4 13292.2 392788 67188.4 2.00295 0.323412 9.55689 1.63475
41200 80712 12930.3 393644 67364.3 1.95903 0.313843 9.55447 1.63506
41300 81736.8 13475.6 394417 67447.8 1.9791 0.326286 9.55004 1.63312
41400 82346 12677.1 394704 67717.6 1.98903 0.30621 9.5339 1.63569
41500 78106.9 13134.6 395686 67826.1 1.88209 0.316496 9.5346 1.63436
41600 77894.5 12817.3 399589 68044.6 1.87246 0.308108 9.60551 1.63569
41700 83028.3 14010.2 398352 67975.1 1.99109 0.335976 9.55281 1.6301
41800 77079.5 13689.7 399653 68171.3 1.84401 0.327505 9.56108 1.63089
41900 88555.6 15364.4 401624 68565.5 2.1135 0.366693 9.58529 1.63641
42000 93914.4 15137.5 400992 68769.8 2.23606 0.360418 9.54744 1.63738
42100 84240.6 13065.9 400375 68865 2.00096 0.310354 9.51011 1.63575
42200 78734.4 12224.7 400964 68665.3 1.86574 0.289685 9.50151 1.62714
42300 84819.9 13054.9 401858 68947.8 2.0052 0.308626 9.50019 1.62997
42400 86264.6 15554.6 406409 68971.6 2.03454 0.366853 9.58511 1.62669
42500 88598.6 14273.4 403731 69181 2.08467 0.335844 9.49956 1.62779
42600 87909.2 15139 404632 69527.5 2.0636 0.355375 9.49839 1.6321
42700 87261.1 15652.7 405589 69787.7 2.04358 0.366574 9.49857 1.63437
42800 84489.6 13553.1 405300 70028.3 1.97406 0.316662 9.46963 1.63617
42900 81289.9 12675.2 411942 69943 1.89487 0.295459 9.60239 1.63037
43000 84908.7 14479.9 412600 70341.3 1.97462 0.336741 9.59536 1.63584
43100 85383.6 13765.7 409502 70102.8 1.98106 0.31939 9.50121 1.62652
43200 89105.6 14976 409878 70651 2.06263 0.346667 9.48791 1.63544
43300 85100.8 14196.2 414416 70733.5 1.96538 0.327856 9.5708 1.63357
43400 87944.1 14595.1 412769 71034.6 2.02636 0.336292 9.5108 1.63674
43500 86322.6 14238.8 410049 71020.2 1.98443 0.327329 9.42641 1.63265
43600 86093.6 14526.8 414283 71396.9 1.97462 0.333183 9.5019 1.63754
43700 88703.4 14589.4 418018 71314.4 2.02983 0.333853 9.56563 1.63191
43800 95142.2 16172.3 419634 71627.9 2.1722 0.369231 9.58068 1.63534
43900 96898 15747.6 419393 71829 2.20724 0.358715 9.55337 1.63619
44000 85360.6 14200.8 420136 71957.4 1.94001 0.322745 9.54856 1.63539
44100 81285.8 13728.7 421576 72041.7 1.84322 0.311309 9.55955 1.6336
44200 94627.5 15538.6 424618 71858.7 2.14089 0.351551 9.60675 1.62576
44300 94138.3 15841.1 422811 72493.4 2.12502 0.357586 9.54426 1.63642
44400 92698.4 16794.6 423173 72640.2 2.0878 0.378256 9.53093 1.63604
44500 91422 14778 423901 72684.4 2.05443 0.332089 9.52586 1.63336
44600 88222.2 14561.9 421060 72428.4 1.97808 0.3265 9.4408 1.62395
44700 93825.4 16673.3 428074 72859.3 2.099 0.373004 9.57661 1.62996
44800 84311.4 13959.7 426482 73109.3 1.88195 0.3116 9.51969 1.6319
44900 84653.7 14884.5 430082 73444 1.88538 0.331503 9.57865 1.63572
45000 91587.3 14889.7 429050 73393.5 2.03527 0.330883 9.53444 1.63097
45100 96709.1 15728.7 426688 73614.5 2.14433 0.348752 9.46093 1.63225
45200 97548.3 16734.3 428797 73654.8 2.15815 0.370228 9.48665 1.62953
45300 94009.2 16307.4 434157 73777.3 2.07526 0.359988 9.58404 1.62864
45400 88532.8 14497.1 431991 73985.4 1.95006 0.31932 9.51521 1.62964
45500 94309.8 15889.6 437518 74431.8 2.07274 0.349222 9.61578 1.63586
45600 89128.6 14931.7 435835 74570.1 1.95457 0.32745 9.55779 1.63531
45700 101998 16493.6 433594 74765.5 2.2319 0.360911 9.48783 1.63601
45800 89450.4 14106.6 439799 75008.7 1.95307 0.308004 9.60259 1.63774
45900 91747.5 15114.3 439460 75188.7 1.99886 0.329287 9.57429 1.6381
46000 94500.5 16039.8 441054 75329.1 2.05436 0.348692 9.58814 1.63759
46100 92630.2 15441.6 438437 75339.5 2.00933 0.334959 9.51057 1.63426
46200 93952.4 16301.8 437683 75288.9 2.0336 0.352853 9.47367 1.62963
46300 82887.8 13627.9 445510 75717 1.79023 0.294339 9.62225 1.63536
46400 90541.5 14895.6 447328 75920.1 1.95133 0.321026 9.64069 1.63621
46500 88678.1 14377.1 443604 76146.2 1.90706 0.309185 9.53987 1.63755
46600 96876.9 16112 446099 76350.1 2.0789 0.345751 9.57294 1.63841
46700 87888.3 12931.1 441794 75841.2 1.88198 0.276896 9.46026 1.62401
46800 95570.7 16760.6 446728 76175.6 2.04211 0.358133 9.54547 1.62768
46900 88618.7 15742.2 450522 76773.5 1.88953 0.335655 9.60602 1.63696
47000 92859.8 14766.7 452826 76826.1 1.97574 0.314184 9.63459 1.6346
47100 99310.9 16649.1 450595 77105.1 2.10851 0.353484 9.56678 1.63705
47200 91500.4 15556.1 449272 77282.5 1.93857 0.329579 9.51847 1.63734
47300 91199.5 15957.3 451452 77377.6 1.92811 0.337364 9.54444 1.63589
47400 96943.5 17000.1 452763 77379.3 2.04522 0.358651 9.55196 1.63247
47500 98236.3 16554.4 455781 77550.3 2.06813 0.348513 9.5954 1.63264
47600 83825.7 14290 457311 77815.8 1.76104 0.300211 9.60738 1.63479
47700 99014.1 16094.8 452861 77763.5 2.07577 0.337417 9.49395 1.63026
47800 87484.8 14040 453916 78029.5 1.83023 0.293724 9.49615 1.63242
47900 100880 16124.6 460462 78169.2 2.10606 0.33663 9.61299 1.63192
48000 102994 16654.4 460406 78553.8 2.14572 0.346966 9.59179 1.63654
48100 97059.1 14950.5 459337 78585.2 2.01786 0.310822 9.54964 1.63379
48200 96867.1 16155.5 461052 78609.3 2.00969 0.335176 9.5654 1.6309
48300 103111 16205.3 461762 78962.6 2.13481 0.335514 9.56028 1.63484
48400 85865.2 13832.3 462879 78914.7 1.77408 0.285792 9.56362 1.63047
48500 103936 16924 463683 79025.3 2.143 0.348948 9.56047 1.62939
48600 97039.3 15354.9 469203 79667.2 1.99669 0.315944 9.65438 1.63924
48700 99831.3 16570.5 468963 79785.3 2.04992 0.340256 9.62963 1.6383
48800 94791.5 15198 467366 79828.4 1.94245 0.311435 9.57717 1.63583
48900 98304.2 16101.3 468149 79730.1 2.01031 0.32927 9.5736 1.63047
49000 93209.5 14747.1 470779 80138.1 1.90223 0.300961 9.60773 1.63547
49100 94841.3 16007.4 469831 80374.3 1.93159 0.326016 9.56886 1.63695
49200 95549.2 16376.4 466169 80590.3 1.94206 0.332854 9.47498 1.63801
49300 96702.9 16483.5 475536 80456 1.96152 0.334352 9.64575 1.63197
49400 110352 18318.6 471290 80822.6 2.23385 0.370821 9.54029 1.63609
49500 99072.9 16080.4 471792 80761.8 2.00147 0.324856 9.53115 1.63155
49600 102669 17013.2 468611 80706.6 2.06994 0.343008 9.44781 1.62715
49700 102919 16685.2 473779 81311.5 2.07081 0.335718 9.53278 1.63605
49800 101812 16939.2 475768 81442.6 2.04442 0.340144 9.55358 1.63539
49900 96475.3 15052 475878 81760.7 1.93337 0.301643 9.53663 1.63849
50000 93484.8 15373 480238 81900 1.8697 0.307459 9.60477 1.638
