1000 15538 2409.9 11858.9 5629.9 15.538 2.4099 11.8589 5.6299
2000 35107.9 5268.4 27238.7 12970.3 17.554 2.6342 13.6194 6.48515
3000 53645.7 8359.3 42937.4 20409.2 17.8819 2.78643 14.3125 6.80307
4000 74295.1 11504.6 59571.6 27646.5 18.5738 2.87615 14.8929 6.91162
5000 96387.4 14770.8 77397.9 36451.1 19.2775 2.95416 15.4796 7.29022
6000 117262 18100.9 95326.6 43472.8 19.5436 3.01682 15.8878 7.24547
7000 139512 21357.3 116139 52065.8 19.9303 3.05104 16.5913 7.43797
8000 161579 24986 132086 59885.2 20.1974 3.12325 16.5108 7.48565
9000 187036 28302.1 149594 68375 20.7818 3.14468 16.6216 7.59722
10000 205619 31897.3 168726 77406.5 20.5619 3.18973 16.8726 7.74065
11000 230536 35283.4 189551 84597.3 20.9578 3.20758 17.2319 7.69066
12000 253435 38868.5 208090 93411.9 21.1196 3.23904 17.3409 7.78432
13000 278319 42513.6 227924 100981 21.4092 3.27028 17.5326 7.76775
14000 311625 45905 251512 110312 22.2589 3.27893 17.9651 7.87942
15000 323992 49918.8 269428 119332 21.5995 3.32792 17.9618 7.95547
16000 349860 53401.4 282559 127967 21.8662 3.33759 17.6599 7.99792
17000 380054 57020.8 299237 137128 22.3561 3.35416 17.6022 8.06638
18000 397710 60711.1 327972 145938 22.095 3.37284 18.2207 8.10766
19000 419335 64758.5 347346 154108 22.0703 3.40834 18.2814 8.11096
20000 449978 68178.2 364577 164831 22.4989 3.40891 18.2288 8.24155
21000 475618 71868 387777 175042 22.6485 3.42229 18.4656 8.33533
22000 497897 75766.9 402608 181209 22.6317 3.44395 18.3004 8.23679
23000 521115 79559.4 433958 196706 22.6572 3.4591 18.8677 8.55244
24000 548358 83563.7 452398 201482 22.8483 3.48182 18.8499 8.39508
25000 586461 86761.3 470489 211249 23.4585 3.47045 18.8196 8.44998
26000 587762 91207.1 491642 224057 22.6062 3.50797 18.9093 8.61758
27000 613748 95061 522673 233419 22.7314 3.52078 19.3583 8.64514
28000 646305 98760.6 523913 241459 23.0823 3.52716 18.7112 8.62354
29000 671283 102595 558616 248198 23.1477 3.53777 19.2626 8.55854
30000 712595 105924 573509 258038 23.7532 3.53079 19.117 8.60128
31000 729412 110113 599194 270274 23.5294 3.55203 19.3288 8.7185
32000 751687 114211 615985 274531 23.4902 3.5691 19.2495 8.57909
33000 773426 118087 643770 291814 23.4372 3.5784 19.5082 8.84285
34000 793441 122249 672080 283345 23.3365 3.59555 19.7671 8.33366
35000 834139 125798 689005 306842 23.8325 3.59423 19.6859 8.76692
36000 853531 130087 694618 316244 23.7092 3.61354 19.2949 8.78455
37000 873317 134087 724847 326484 23.6032 3.62398 19.5905 8.8239
38000 907635 138078 749242 340048 23.8851 3.63363 19.7169 8.94862
39000 926682 141871 761611 345849 23.7611 3.63773 19.5285 8.86792
40000 959430 145358 793860 360315 23.9858 3.63394 19.8465 9.00788
41000 985236 149613 807422 363796 24.0301 3.6491 19.6932 8.87307
42000 1.00716e+06 153580 850699 370812 23.9801 3.65665 20.2547 8.82886
43000 1.0411e+06 157518 863803 384879 24.2116 3.66322 20.0884 8.95067
44000 1.05018e+06 162255 879355 391919 23.8678 3.68761 19.9853 8.90726
45000 1.08898e+06 165657 913163 391690 24.1995 3.68128 20.2925 8.70423
46000 1.14214e+06 168975 920690 411712 24.829 3.67336 20.015 8.95025
47000 1.14921e+06 173325 953452 419644 24.4513 3.68776 20.2862 8.92859
48000 1.16311e+06 177919 974059 431075 24.2315 3.70664 20.2929 8.98073
49000 1.18642e+06 181974 998914 439230 24.2127 3.71376 20.386 8.96388
50000 1.22592e+06 185271 1.03458e+06 460710 24.5183 3.70543 20.6917 9.21419
