1000 15967 2402 12228 5689 
1000 15081 2397 11591 5588 
1000 15996 2382 12363 5570 
1000 16585 2371 11301 5636 
1000 16095 2375 11398 5908 
1000 14844 2501 13266 5983 
1000 14887 2419 11107 4999 
1000 15021 2415 11429 5520 
1000 15481 2417 11782 5771 
1000 15423 2420 12124 5635 
2000 35065 5215 29144 13448 
2000 35520 5292 27326 13189 
2000 33508 5355 26641 13362 
2000 35694 5233 26561 13071 
2000 34196 5326 27374 13223 
2000 34846 5313 27312 12783 
2000 35767 5183 27023 12656 
2000 34544 5317 26186 11702 
2000 37925 5187 27699 12775 
2000 34014 5263 27121 13494 
3000 52747 8374 43030 19958 
3000 51172 8456 42581 21088 
3000 57061 8327 41193 19316 
3000 53246 8286 43460 20519 
3000 55099 8436 45102 20457 
3000 51949 8394 42734 19883 
3000 54152 8269 42118 22309 
3000 53124 8364 41974 19771 
3000 55326 8277 43093 19037 
3000 52581 8410 44089 21754 
4000 74260 11456 60314 25529 
4000 74712 11602 59632 27610 
4000 73171 11575 57857 26306 
4000 75418 11465 60779 29764 
4000 78392 11413 59458 26442 
4000 76588 11303 58427 27956 
4000 73400 11423 59952 27654 
4000 71634 11673 61134 29072 
4000 73296 11595 59369 29268 
4000 72080 11541 58794 26864 
5000 98258 14768 74860 31964 
5000 93419 14837 76541 34692 
5000 95186 14800 76191 37090 
5000 94929 14652 76340 36056 
5000 95980 14817 81470 39826 
5000 97329 14943 80664 36284 
5000 95102 14710 82395 40738 
5000 98995 14705 74188 36846 
5000 97360 14747 75749 35349 
5000 97316 14729 75581 35666 
6000 113736 18199 101549 44464 
6000 112046 18135 96595 44746 
6000 115578 18125 92393 39375 
6000 123262 17881 93715 45227 
6000 118381 17908 99545 42932 
6000 121285 18105 94607 44384 
6000 125423 17895 94597 43947 
6000 117558 18298 88281 42813 
6000 112402 18263 97047 43537 
6000 112946 18200 94937 43303 
7000 133726 21487 113507 46377 
7000 137262 21435 112235 51246 
7000 146914 21325 117552 52210 
7000 139780 21368 117578 56010 
7000 143044 20940 122641 53827 
7000 140198 21509 113195 48903 
7000 135828 21436 117292 56157 
7000 144354 21110 110039 49547 
7000 138967 21306 121204 53852 
7000 135051 21657 116146 52529 
8000 160601 24891 130983 60504 
8000 165377 25061 131642 65044 
8000 158352 25079 133971 59896 
8000 159197 24843 132018 61375 
8000 164807 24936 138697 65819 
8000 163908 24875 131052 57839 
8000 163835 25033 128719 55010 
8000 162197 25056 136596 57949 
8000 151080 25335 124167 57181 
8000 166437 24751 133020 58235 
9000 195750 28052 142017 63448 
9000 182161 28324 144421 65677 
9000 202309 28284 150920 67713 
9000 178058 28593 157528 76413 
9000 182407 28387 153871 66288 
9000 185583 28267 156539 73642 
9000 190318 28299 142542 62522 
9000 177814 28502 150310 74016 
9000 182372 28395 153975 66152 
9000 193591 27918 143820 67879 
10000 194504 32511 163760 78784 
10000 201726 32039 164105 76816 
10000 202120 31703 165990 75733 
10000 199262 31999 170391 82852 
10000 209423 31458 174295 80219 
10000 210294 31957 160599 75472 
10000 213439 31594 168108 70367 
10000 202661 31832 169465 80596 
10000 205428 31913 167178 72727 
10000 217336 31967 183367 80499 
11000 226373 35492 187163 82518 
11000 240278 34878 187893 83043 
11000 228727 35234 187659 78394 
11000 233679 35265 194070 86680 
11000 225456 35480 188632 86116 
11000 225024 35702 210743 86757 
11000 240017 34702 186188 87527 
11000 237069 35132 183594 87666 
11000 224111 35432 181305 80025 
11000 224629 35517 188263 87247 
12000 247461 38985 205435 93160 
12000 273431 38197 209783 88017 
12000 250564 38868 206966 97088 
12000 241302 39335 200758 91074 
12000 253779 38911 213136 96020 
12000 254173 39024 206420 95326 
12000 258486 38767 198849 96592 
12000 249264 39117 205960 86569 
12000 251011 39191 216490 95431 
12000 254879 38290 217107 94842 
13000 276515 42304 216013 99438 
13000 267051 42758 216936 100265 
13000 284983 42358 229366 101219 
13000 287992 42191 221050 105137 
13000 270411 42462 215826 101249 
13000 262908 42995 222974 95565 
13000 292095 42525 223361 99722 
13000 296376 42193 247794 98808 
13000 277118 42511 242318 106527 
13000 267743 42839 243598 101878 
14000 289403 46533 244201 102616 
14000 317988 46207 251715 113585 
14000 312929 45959 262808 113203 
14000 313396 45527 265841 113784 
14000 312011 45901 235514 105761 
14000 321843 45584 266716 107368 
14000 308065 45803 244653 109637 
14000 307751 45857 241191 108493 
14000 314353 45681 264088 122034 
14000 318514 45998 238388 106638 
15000 323306 49887 273331 118350 
15000 317702 49825 270745 115913 
15000 349510 49024 268079 121408 
15000 328843 50201 266437 118637 
15000 314744 50137 263668 113712 
15000 320015 49807 290571 118836 
15000 328661 50210 267351 128755 
15000 317997 50148 260590 120791 
15000 313976 49952 275229 123320 
15000 325171 49997 258275 113599 
16000 333575 53867 284698 134025 
16000 357376 53327 281776 126431 
16000 345865 53904 276328 126750 
16000 356586 53264 288353 130009 
16000 340372 53542 291517 131391 
16000 363299 52974 279817 126288 
16000 369850 53068 276331 126380 
16000 347878 53256 286015 125421 
16000 339009 53679 277979 125336 
16000 344788 53133 282777 127636 
17000 370220 57457 304346 144540 
17000 396329 56633 296837 140826 
17000 389003 56797 307648 133869 
17000 371390 57618 293545 133778 
17000 374733 57352 289458 136118 
17000 379864 56469 299223 139313 
17000 361074 57283 306760 144100 
17000 403031 56121 296400 128961 
17000 364579 57292 303963 132508 
17000 390321 57186 294194 137271 
18000 393270 61037 340073 148992 
18000 389941 61311 319319 144028 
18000 390730 61041 328387 161174 
18000 397302 60597 311716 139663 
18000 395708 60694 340096 149567 
18000 409754 60459 325666 137018 
18000 398927 60630 325475 141919 
18000 397295 60837 336020 142561 
18000 383144 60924 325324 146443 
18000 421030 59581 327643 148014 
19000 411934 65005 356653 152615 
19000 428106 64464 332058 153091 
19000 417624 64917 344948 152511 
19000 417999 64812 357649 154067 
19000 415356 64800 344764 154326 
19000 440763 64715 352923 155467 
19000 418719 64277 341035 147972 
19000 412677 64933 348035 162464 
19000 420878 64723 357440 157532 
19000 409297 64939 337959 151037 
20000 462277 67475 365330 169560 
20000 437200 68743 356911 166244 
20000 445117 68254 369394 173339 
20000 447736 68074 384516 176599 
20000 470939 66694 372964 156377 
20000 450820 68019 380261 161831 
20000 446607 68699 361451 159021 
20000 440025 69045 355262 161570 
20000 442644 68687 351538 160481 
20000 456418 68092 348140 163289 
21000 459516 71899 379132 171019 
21000 467431 71642 395783 165367 
21000 466085 72825 397521 193583 
21000 472229 72485 396181 171892 
21000 487653 71434 378999 173793 
21000 471706 71504 380214 173721 
21000 482886 71542 378672 179082 
21000 476894 71601 385462 170069 
21000 469164 71925 398218 181238 
21000 502613 71823 387584 170656 
22000 480861 76140 394797 172120 
22000 486795 76120 403402 177689 
22000 507702 75917 406835 187820 
22000 488378 76449 408360 191501 
22000 513625 75179 397213 179103 
22000 479282 76345 398759 179521 
22000 523764 74537 412037 185429 
22000 488538 76334 404705 177916 
22000 506768 75254 399273 179788 
22000 503259 75394 400701 181206 
23000 528463 78854 424701 201067 
23000 500355 80212 452724 201637 
23000 532109 79096 429539 198116 
23000 546014 79592 419744 184535 
23000 535554 78353 446844 186728 
23000 516803 79715 436899 205148 
23000 526380 80155 426739 193558 
23000 506898 79855 437073 196422 
23000 505837 79565 433679 193858 
23000 512736 80197 431638 205993 
24000 546450 83552 459867 201006 
24000 544530 83579 459428 212023 
24000 540603 83750 439368 201477 
24000 517603 84013 435650 208284 
24000 592321 82936 462552 188620 
24000 536559 83677 440332 192656 
24000 532725 84239 489755 206597 
24000 556798 83061 463174 195037 
24000 577950 83093 442380 205118 
24000 538044 83737 431476 204002 
25000 586769 86756 479657 215406 
25000 574964 86750 472462 222679 
25000 590396 87502 464781 194387 
25000 614300 84797 465859 201480 
25000 578066 87649 471593 207931 
25000 562143 87523 460858 212495 
25000 599293 86023 472568 204208 
25000 582587 87573 499981 243010 
25000 608408 85447 462860 203981 
25000 567687 87593 454270 206917 
26000 589802 90424 487812 236477 
26000 603169 91287 490548 225126 
26000 582451 91144 499695 221969 
26000 581621 91519 500146 212648 
26000 596527 90264 472849 220401 
26000 593021 91505 485445 226725 
26000 575954 92157 513542 232924 
26000 600722 90810 478378 216101 
26000 575571 91437 494432 236709 
26000 578784 91524 493573 211492 
27000 620751 94864 512327 238309 
27000 607331 95419 521465 238400 
27000 619069 95229 502240 228610 
27000 602029 95454 503334 231752 
27000 635808 95060 557831 236502 
27000 620556 94150 509059 224404 
27000 622219 94552 523425 224544 
27000 593074 95248 520632 241136 
27000 591570 95706 529695 237555 
27000 625077 94928 546721 232977 
28000 643711 99302 526783 252536 
28000 641434 98617 509096 238708 
28000 636929 98673 525671 231941 
28000 668441 98531 505776 233629 
28000 652888 98348 527514 230510 
28000 632105 99631 536069 242797 
28000 650724 98474 514849 238643 
28000 646337 98951 552130 257413 
28000 661262 97948 526835 247989 
28000 629217 99131 514409 240425 
29000 648790 103402 568727 257689 
29000 675280 102257 558258 235402 
29000 685736 101561 537507 248719 
29000 686934 101926 584071 256865 
29000 667571 102892 531230 235284 
29000 672598 102956 562449 257218 
29000 676192 102626 591416 242277 
29000 668978 102362 566586 240617 
29000 670070 102846 532488 243887 
29000 660682 103126 553427 264019 
30000 711952 105764 585586 281333 
30000 777556 105121 574556 252954 
30000 704658 105783 567808 279466 
30000 685594 106461 584325 249300 
30000 682099 106398 600318 260838 
30000 710740 105527 564102 244916 
30000 718047 106283 559304 251174 
30000 708238 105719 561058 244539 
30000 707447 106527 578849 257620 
30000 719622 105655 559187 258244 
31000 728727 109967 593741 258938 
31000 728799 109773 582331 262880 
31000 711681 109889 596791 263945 
31000 741198 109415 590914 268864 
31000 791274 108809 588048 260903 
31000 702847 110975 599093 295543 
31000 704419 111606 602705 275092 
31000 721044 110433 614177 264211 
31000 734542 110242 625549 280317 
31000 729587 110019 598586 272043 
32000 759719 114345 607404 271430 
32000 714828 115589 611479 269504 
32000 731605 114700 643016 297935 
32000 721601 114336 637280 297166 
32000 771589 112830 627955 261293 
32000 750171 114160 612166 265251 
32000 785619 114105 596693 277713 
32000 735883 114658 607919 255359 
32000 804409 112278 628182 273809 
32000 741449 115110 587754 275849 
33000 770964 118590 638400 271479 
33000 762222 118635 652140 263814 
33000 799583 116689 654082 309221 
33000 758219 118835 629054 296799 
33000 759055 118660 633328 297494 
33000 792763 117874 674989 271587 
33000 765786 118796 614783 291382 
33000 795344 116749 635385 294717 
33000 764297 118688 660813 319364 
33000 766029 117355 644727 302284 
34000 838795 121472 672668 296558 
34000 797846 122736 675064 274328 
34000 781954 122306 667052 274077 
34000 779781 122216 659396 284987 
34000 778259 122636 700726 289290 
34000 797683 121031 662320 282450 
34000 803304 122097 671682 291992 
34000 792103 122771 661113 276783 
34000 767995 122594 667584 271197 
34000 796693 122629 683194 291784 
35000 846858 126105 659310 300092 
35000 802491 127574 700464 320539 
35000 838296 125750 685140 301999 
35000 827425 125824 697065 298618 
35000 803438 126571 688995 317004 
35000 834445 125333 664388 297712 
35000 870676 124552 678141 298161 
35000 798719 126942 709468 332711 
35000 818877 126061 658565 293923 
35000 900166 123267 748515 307664 
36000 847577 130376 721669 334919 
36000 841444 130267 724838 292302 
36000 868980 129954 690390 317002 
36000 856938 129163 681072 314765 
36000 834205 131297 703871 327980 
36000 873274 129732 702901 312807 
36000 893221 128650 691466 317165 
36000 837922 130534 662850 308548 
36000 819056 131696 692115 327868 
36000 862696 129205 675006 309083 
37000 877220 133980 766630 326055 
37000 887596 134161 708623 344561 
37000 844889 134891 701827 326785 
37000 922968 133207 743414 327718 
37000 885210 134110 704067 319913 
37000 871767 133745 728585 341759 
37000 865616 134269 748999 323290 
37000 887819 132989 702533 312824 
37000 839708 135098 728069 326027 
37000 850378 134423 715722 315911 
38000 904873 138352 768264 379091 
38000 892245 138280 779232 349950 
38000 924251 138547 772318 319766 
38000 917624 138214 739648 339645 
38000 870462 139259 738670 327275 
38000 918131 137911 738793 333764 
38000 880049 139137 744301 347075 
38000 932046 137526 731148 347912 
38000 918473 136847 741107 336562 
38000 918198 136706 738938 319435 
39000 899984 143160 748237 346116 
39000 948242 140261 778544 340107 
39000 933066 141345 768957 324065 
39000 935277 141274 761888 343222 
39000 924920 142525 750613 356358 
39000 933237 142025 752478 353093 
39000 948236 141183 771782 354456 
39000 903306 142321 759730 345071 
39000 915478 142480 766228 354732 
39000 925079 142139 757653 341270 
40000 986803 144594 807468 385995 
40000 928932 145894 776051 334548 
40000 950264 145222 789029 385501 
40000 937823 146308 753473 347019 
40000 970441 145618 776173 334529 
40000 971882 144820 801182 363820 
40000 994646 144247 808959 364376 
40000 936622 145694 842379 379713 
40000 938584 145787 788935 348168 
40000 978307 145394 794949 359485 
41000 983310 149473 786457 356189 
41000 1037417 148752 802148 357615 
41000 994462 148563 814442 376905 
41000 943926 150906 821943 361939 
41000 1006852 148171 792716 369139 
41000 1006643 149319 786304 351512 
41000 993934 149649 845859 376528 
41000 952816 150903 796130 371543 
41000 975623 150236 786214 349562 
41000 957373 150161 842007 367026 
42000 993463 154058 838323 363108 
42000 1039870 152213 839808 371526 
42000 975157 154576 831595 374475 
42000 999721 152939 874797 389017 
42000 984715 154238 836543 382577 
42000 1002954 152495 844226 366888 
42000 997350 153596 843836 361941 
42000 1015356 153870 859733 392463 
42000 999218 155247 881136 365558 
42000 1063824 152563 856994 340567 
43000 1011885 158096 856709 401780 
43000 1050756 158312 869624 384741 
43000 1050390 156576 867528 376104 
43000 1020267 157396 853714 378349 
43000 1053944 157655 837033 388776 
43000 994245 159418 901171 404047 
43000 1119721 155716 881450 374551 
43000 1072419 155927 850719 370734 
43000 999386 159004 845842 383169 
43000 1037961 157085 874239 386535 
44000 1023415 162388 866878 368461 
44000 1058012 161788 884340 370970 
44000 1061339 161615 867908 398772 
44000 1050395 161943 907374 380821 
44000 1059059 161069 893970 424814 
44000 1019736 163203 859452 390297 
44000 1037572 163048 878462 396335 
44000 1094611 162041 894067 438632 
44000 1057418 162501 883820 380891 
44000 1040262 162951 857277 369201 
45000 1069378 166963 873788 387140 
45000 1090958 165918 932398 409554 
45000 1075436 165702 937548 386001 
45000 1064496 167481 948316 423850 
45000 1122133 163450 883603 398146 
45000 1088357 164575 903779 386028 
45000 1122493 165097 899539 372672 
45000 1094042 165987 938952 390082 
45000 1083060 166288 922249 373423 
45000 1079409 165113 891462 390007 
46000 1135067 170273 919465 409916 
46000 1187884 167404 918425 434069 
46000 1186441 167474 918985 414274 
46000 1111995 170078 937475 394744 
46000 1176028 168477 913982 417035 
46000 1100667 168787 912163 421595 
46000 1144681 168756 956577 391448 
46000 1098760 170171 899592 429077 
46000 1078541 170686 923963 411935 
46000 1201298 167641 906278 393024 
47000 1219894 171829 953820 396694 
47000 1115611 175340 937776 446442 
47000 1110969 173921 932441 393067 
47000 1199682 171680 938016 421125 
47000 1096370 174661 952758 411198 
47000 1142488 173383 955676 427903 
47000 1150603 172713 985107 417363 
47000 1137122 173391 978528 420713 
47000 1176729 172897 935849 421524 
47000 1142628 173433 964546 440408 
48000 1170569 178754 960883 432911 
48000 1174760 177296 953753 438773 
48000 1193339 176923 991426 473687 
48000 1132836 178973 962824 407110 
48000 1200205 177107 993528 420060 
48000 1132256 179366 980785 413526 
48000 1155235 178455 967596 411859 
48000 1170839 177716 961998 443360 
48000 1145950 177380 984126 432538 
48000 1155119 177217 983673 436925 
49000 1159722 182988 992040 449700 
49000 1161812 182223 1050624 432315 
49000 1214321 181638 968297 423328 
49000 1183571 182084 949336 439934 
49000 1147732 183983 1001649 431934 
49000 1211387 180511 1036994 406267 
49000 1230707 181155 986687 433210 
49000 1174239 182207 982693 463822 
49000 1181276 181337 1014704 452450 
49000 1199476 181618 1006118 459339 
50000 1250527 183044 993382 441745 
50000 1227445 186434 979204 447307 
50000 1273872 183744 1055133 459947 
50000 1198195 186359 993749 429767 
50000 1154264 187488 1051231 472825 
50000 1217329 185548 1036847 473599 
50000 1229109 184837 1019669 474233 
50000 1249562 185743 1007888 454319 
50000 1241748 184181 1078221 469798 
50000 1217111 185335 1130509 483556 
