1000 8779.8 0 7224 0 8.7798 0 7.224 0
2000 19543.4 0 16440.5 0 9.7717 0 8.22025 0
3000 31088.9 0 27623.5 0 10.363 0 9.20783 0
4000 43091.5 0 36915.6 0 10.7729 0 9.2289 0
5000 55512.4 0 47183.9 0 11.1025 0 9.43678 0
6000 68166.6 0 61333.7 0 11.3611 0 10.2223 0
7000 81137.1 0 71815.5 0 11.591 0 10.2594 0
8000 94204.7 0 81806.7 0 11.7756 0 10.2258 0
9000 107578 0 92088 0 11.9531 0 10.232 0
10000 121056 0 104300 0 12.1056 0 10.4299 0
11000 134648 0 119895 0 12.2407 0 10.8995 0
12000 148306 0 134649 0 12.3589 0 11.2208 0
13000 162190 0 146519 0 12.4761 0 11.2707 0
14000 176256 0 157556 0 12.5897 0 11.254 0
15000 190319 0 168606 0 12.688 0 11.2404 0
16000 204394 0 179599 0 12.7746 0 11.225 0
17000 218672 0 190766 0 12.863 0 11.2215 0
18000 233157 0 202144 0 12.9532 0 11.2302 0
19000 247623 0 214522 0 13.0328 0 11.2906 0
20000 262094 0 228612 0 13.1047 0 11.4306 0
21000 276658 0 244775 0 13.1742 0 11.6559 0
22000 291327 0 261748 0 13.2421 0 11.8977 0
23000 305925 0 278376 0 13.3011 0 12.1033 0
24000 320582 0 293263 0 13.3576 0 12.2193 0
25000 335436 0 306571 0 13.4174 0 12.2628 0
26000 350463 0 318982 0 13.4793 0 12.2685 0
27000 365436 0 331220 0 13.5347 0 12.2674 0
28000 380497 0 343232 0 13.5892 0 12.2583 0
29000 395559 0 355228 0 13.64 0 12.2492 0
30000 410628 0 367188 0 13.6876 0 12.2396 0
31000 425657 0 379237 0 13.7309 0 12.2335 0
32000 440786 0 391209 0 13.7746 0 12.2253 0
33000 455942 0 403318 0 13.8164 0 12.2218 0
34000 471350 0 415416 0 13.8632 0 12.2181 0
35000 486842 0 427718 0 13.9098 0 12.2205 0
36000 502343 0 440313 0 13.954 0 12.2309 0
37000 517774 0 453356 0 13.9939 0 12.2529 0
38000 533228 0 466997 0 14.0323 0 12.2894 0
39000 548702 0 481683 0 14.0693 0 12.3508 0
40000 564242 0 497214 0 14.106 0 12.4304 0
41000 579758 0 513972 0 14.1404 0 12.5359 0
42000 595362 0 531424 0 14.1753 0 12.6529 0
43000 610998 0 549601 0 14.2093 0 12.7814 0
44000 626550 0 567746 0 14.2398 0 12.9033 0
45000 642274 0 585438 0 14.2728 0 13.0097 0
46000 657904 0 602753 0 14.3023 0 13.1033 0
47000 673511 0 618982 0 14.33 0 13.1698 0
48000 689276 0 634456 0 14.3599 0 13.2178 0
49000 704877 0 649083 0 14.3852 0 13.2466 0
50000 720883 0 663130 0 14.4177 0 13.2626 0
