1000 8821 0 7223 0 
1000 8765 0 7207 0 
1000 8796 0 7244 0 
1000 8752 0 7247 0 
1000 8778 0 7223 0 
1000 8750 0 7217 0 
1000 8807 0 7212 0 
1000 8764 0 7245 0 
1000 8788 0 7211 0 
1000 8777 0 7211 0 
2000 19556 0 16433 0 
2000 19520 0 16453 0 
2000 19524 0 16399 0 
2000 19517 0 16473 0 
2000 19564 0 16456 0 
2000 19577 0 16408 0 
2000 19571 0 16441 0 
2000 19526 0 16467 0 
2000 19518 0 16446 0 
2000 19561 0 16429 0 
3000 31151 0 27676 0 
3000 31108 0 27631 0 
3000 31073 0 27679 0 
3000 31108 0 27560 0 
3000 31018 0 27569 0 
3000 31055 0 27587 0 
3000 31108 0 27622 0 
3000 31103 0 27627 0 
3000 31096 0 27617 0 
3000 31069 0 27667 0 
4000 43118 0 36910 0 
4000 43125 0 36841 0 
4000 43092 0 36908 0 
4000 43097 0 36905 0 
4000 43100 0 36911 0 
4000 43121 0 36974 0 
4000 43052 0 36978 0 
4000 43130 0 36904 0 
4000 43054 0 36888 0 
4000 43026 0 36937 0 
5000 55452 0 47228 0 
5000 55504 0 47136 0 
5000 55474 0 47290 0 
5000 55539 0 47101 0 
5000 55480 0 47128 0 
5000 55503 0 47263 0 
5000 55556 0 47185 0 
5000 55493 0 47097 0 
5000 55561 0 47184 0 
5000 55562 0 47227 0 
6000 68137 0 61291 0 
6000 68193 0 61372 0 
6000 68142 0 61371 0 
6000 68154 0 61332 0 
6000 68200 0 61329 0 
6000 68217 0 61323 0 
6000 68183 0 61355 0 
6000 68152 0 61227 0 
6000 68158 0 61342 0 
6000 68130 0 61395 0 
7000 81186 0 71848 0 
7000 81145 0 71775 0 
7000 81149 0 71776 0 
7000 81126 0 71783 0 
7000 81134 0 71816 0 
7000 81081 0 71849 0 
7000 81080 0 71816 0 
7000 81216 0 71876 0 
7000 81121 0 71801 0 
7000 81133 0 71815 0 
8000 94173 0 81844 0 
8000 94246 0 81839 0 
8000 94126 0 81846 0 
8000 94231 0 81763 0 
8000 94275 0 81782 0 
8000 94142 0 81880 0 
8000 94198 0 81735 0 
8000 94169 0 81785 0 
8000 94214 0 81804 0 
8000 94273 0 81789 0 
9000 107606 0 92053 0 
9000 107652 0 92135 0 
9000 107516 0 91987 0 
9000 107550 0 92149 0 
9000 107590 0 92144 0 
9000 107619 0 92211 0 
9000 107604 0 92080 0 
9000 107569 0 92067 0 
9000 107516 0 91966 0 
9000 107556 0 92088 0 
10000 121079 0 104179 0 
10000 121123 0 104203 0 
10000 121166 0 104248 0 
10000 121089 0 104410 0 
10000 120938 0 104321 0 
10000 120972 0 104209 0 
10000 121016 0 104252 0 
10000 121038 0 104442 0 
10000 121067 0 104314 0 
10000 121070 0 104417 0 
11000 134646 0 119960 0 
11000 134644 0 120060 0 
11000 134701 0 119758 0 
11000 134745 0 119815 0 
11000 134633 0 119928 0 
11000 134564 0 119866 0 
11000 134735 0 119846 0 
11000 134714 0 119845 0 
11000 134475 0 119989 0 
11000 134625 0 119883 0 
12000 148368 0 134610 0 
12000 148181 0 134565 0 
12000 148302 0 134688 0 
12000 148186 0 134727 0 
12000 148396 0 134503 0 
12000 148307 0 134636 0 
12000 148394 0 134599 0 
12000 148234 0 134730 0 
12000 148377 0 134729 0 
12000 148319 0 134706 0 
13000 162313 0 146502 0 
13000 162188 0 146543 0 
13000 162179 0 146569 0 
13000 162214 0 146504 0 
13000 162110 0 146529 0 
13000 162212 0 146420 0 
13000 162260 0 146467 0 
13000 162079 0 146484 0 
13000 162126 0 146625 0 
13000 162216 0 146551 0 
14000 176262 0 157572 0 
14000 176244 0 157596 0 
14000 176274 0 157542 0 
14000 176334 0 157514 0 
14000 176208 0 157609 0 
14000 176244 0 157608 0 
14000 176141 0 157543 0 
14000 176265 0 157461 0 
14000 176328 0 157474 0 
14000 176255 0 157639 0 
15000 190232 0 168533 0 
15000 190257 0 168638 0 
15000 190228 0 168655 0 
15000 190273 0 168626 0 
15000 190352 0 168602 0 
15000 190465 0 168646 0 
15000 190392 0 168595 0 
15000 190291 0 168629 0 
15000 190358 0 168560 0 
15000 190345 0 168578 0 
16000 204366 0 179612 0 
16000 204284 0 179652 0 
16000 204526 0 179511 0 
16000 204361 0 179540 0 
16000 204493 0 179538 0 
16000 204393 0 179550 0 
16000 204322 0 179655 0 
16000 204390 0 179699 0 
16000 204432 0 179734 0 
16000 204373 0 179502 0 
17000 218733 0 190755 0 
17000 218581 0 190804 0 
17000 218699 0 190653 0 
17000 218764 0 190719 0 
17000 218621 0 190736 0 
17000 218656 0 190860 0 
17000 218535 0 190853 0 
17000 218733 0 190764 0 
17000 218663 0 190726 0 
17000 218731 0 190787 0 
18000 233146 0 202132 0 
18000 233060 0 202095 0 
18000 233368 0 202189 0 
18000 233033 0 202293 0 
18000 233114 0 202266 0 
18000 233072 0 202092 0 
18000 233285 0 202026 0 
18000 233098 0 202123 0 
18000 233239 0 202044 0 
18000 233153 0 202184 0 
19000 247559 0 214324 0 
19000 247619 0 214472 0 
19000 247685 0 214740 0 
19000 247711 0 214212 0 
19000 247536 0 214494 0 
19000 247655 0 214880 0 
19000 247558 0 214711 0 
19000 247747 0 214585 0 
19000 247556 0 214370 0 
19000 247601 0 214435 0 
20000 262206 0 229180 0 
20000 262134 0 228151 0 
20000 262039 0 228570 0 
20000 262105 0 228639 0 
20000 262112 0 228671 0 
20000 262137 0 228696 0 
20000 262069 0 228559 0 
20000 261965 0 228575 0 
20000 262049 0 228444 0 
20000 262120 0 228631 0 
21000 276842 0 244638 0 
21000 276791 0 244585 0 
21000 276689 0 244954 0 
21000 276537 0 244840 0 
21000 276713 0 244704 0 
21000 276484 0 244710 0 
21000 276578 0 245026 0 
21000 276610 0 244504 0 
21000 276574 0 244817 0 
21000 276767 0 244968 0 
22000 291304 0 261861 0 
22000 291278 0 261836 0 
22000 291281 0 261716 0 
22000 291361 0 261840 0 
22000 291272 0 261711 0 
22000 291301 0 261521 0 
22000 291312 0 261711 0 
22000 291330 0 261755 0 
22000 291354 0 261866 0 
22000 291476 0 261668 0 
23000 305882 0 278181 0 
23000 306004 0 278511 0 
23000 305889 0 278510 0 
23000 305903 0 278199 0 
23000 305987 0 278366 0 
23000 305911 0 278417 0 
23000 305839 0 278442 0 
23000 305873 0 278341 0 
23000 305950 0 278400 0 
23000 306009 0 278393 0 
24000 320606 0 293668 0 
24000 320564 0 293351 0 
24000 320542 0 293230 0 
24000 320564 0 293277 0 
24000 320678 0 293139 0 
24000 320504 0 293177 0 
24000 320606 0 293164 0 
24000 320652 0 293445 0 
24000 320619 0 292955 0 
24000 320488 0 293225 0 
25000 335442 0 306460 0 
25000 335419 0 306480 0 
25000 335338 0 306801 0 
25000 335466 0 306489 0 
25000 335393 0 306646 0 
25000 335516 0 306582 0 
25000 335528 0 306647 0 
25000 335451 0 306648 0 
25000 335319 0 306580 0 
25000 335489 0 306373 0 
26000 350479 0 318801 0 
26000 350470 0 318938 0 
26000 350300 0 318945 0 
26000 350509 0 318915 0 
26000 350514 0 319081 0 
26000 350545 0 319195 0 
26000 350552 0 318906 0 
26000 350401 0 318974 0 
26000 350415 0 319064 0 
26000 350445 0 318999 0 
27000 365418 0 331291 0 
27000 365388 0 331147 0 
27000 365360 0 331307 0 
27000 365343 0 331202 0 
27000 365511 0 331110 0 
27000 365436 0 331168 0 
27000 365549 0 331093 0 
27000 365554 0 331208 0 
27000 365380 0 331234 0 
27000 365422 0 331439 0 
28000 380623 0 343239 0 
28000 380434 0 343303 0 
28000 380326 0 343319 0 
28000 380480 0 343148 0 
28000 380488 0 343205 0 
28000 380475 0 343209 0 
28000 380513 0 343208 0 
28000 380557 0 343306 0 
28000 380525 0 343214 0 
28000 380551 0 343174 0 
29000 395643 0 355188 0 
29000 395549 0 355245 0 
29000 395575 0 355156 0 
29000 395377 0 355135 0 
29000 395593 0 355317 0 
29000 395678 0 355099 0 
29000 395589 0 355358 0 
29000 395668 0 355214 0 
29000 395621 0 355262 0 
29000 395299 0 355307 0 
30000 410565 0 367036 0 
30000 410777 0 367269 0 
30000 410724 0 367196 0 
30000 410588 0 367212 0 
30000 410521 0 367304 0 
30000 410732 0 367138 0 
30000 410616 0 367109 0 
30000 410632 0 367257 0 
30000 410545 0 367250 0 
30000 410578 0 367107 0 
31000 425700 0 379175 0 
31000 425689 0 379278 0 
31000 425533 0 379300 0 
31000 425706 0 379183 0 
31000 425562 0 379282 0 
31000 425743 0 379246 0 
31000 425774 0 379317 0 
31000 425577 0 379145 0 
31000 425662 0 379180 0 
31000 425621 0 379268 0 
32000 440950 0 391021 0 
32000 440660 0 391224 0 
32000 440728 0 391193 0 
32000 440907 0 391120 0 
32000 440786 0 391220 0 
32000 440875 0 391182 0 
32000 440840 0 391212 0 
32000 440773 0 391253 0 
32000 440706 0 391367 0 
32000 440633 0 391300 0 
33000 456026 0 403507 0 
33000 455968 0 403183 0 
33000 455984 0 403242 0 
33000 455916 0 403372 0 
33000 455876 0 403345 0 
33000 455977 0 403409 0 
33000 455950 0 403161 0 
33000 455904 0 403506 0 
33000 455913 0 403243 0 
33000 455910 0 403211 0 
34000 471282 0 415546 0 
34000 471318 0 415320 0 
34000 471300 0 415444 0 
34000 471403 0 415354 0 
34000 471472 0 415207 0 
34000 471381 0 415464 0 
34000 471309 0 415495 0 
34000 471490 0 415578 0 
34000 471320 0 415393 0 
34000 471228 0 415361 0 
35000 486748 0 427829 0 
35000 486977 0 427830 0 
35000 486835 0 427828 0 
35000 486763 0 427554 0 
35000 486789 0 427858 0 
35000 486883 0 427800 0 
35000 486886 0 427683 0 
35000 486852 0 427560 0 
35000 486765 0 427508 0 
35000 486922 0 427735 0 
36000 502247 0 440269 0 
36000 502509 0 440413 0 
36000 502497 0 440417 0 
36000 502456 0 440207 0 
36000 502206 0 440153 0 
36000 502260 0 440459 0 
36000 502429 0 440163 0 
36000 502498 0 440293 0 
36000 502217 0 440326 0 
36000 502112 0 440428 0 
37000 517600 0 453209 0 
37000 517719 0 453301 0 
37000 517812 0 452913 0 
37000 517798 0 453437 0 
37000 517710 0 453580 0 
37000 517729 0 453795 0 
37000 517706 0 453400 0 
37000 517843 0 453144 0 
37000 517912 0 453349 0 
37000 517911 0 453427 0 
38000 533136 0 467156 0 
38000 533244 0 466746 0 
38000 533073 0 466951 0 
38000 533319 0 467011 0 
38000 533186 0 467197 0 
38000 533368 0 466799 0 
38000 533223 0 466848 0 
38000 533345 0 466969 0 
38000 533209 0 467062 0 
38000 533179 0 467233 0 
39000 548871 0 481628 0 
39000 548591 0 481322 0 
39000 548632 0 481671 0 
39000 548912 0 481527 0 
39000 548693 0 482021 0 
39000 548644 0 481754 0 
39000 548526 0 481716 0 
39000 548701 0 481799 0 
39000 548732 0 481672 0 
39000 548721 0 481720 0 
40000 564169 0 496683 0 
40000 564322 0 497415 0 
40000 564270 0 497124 0 
40000 564293 0 497243 0 
40000 564079 0 496964 0 
40000 564078 0 497481 0 
40000 564002 0 497281 0 
40000 564428 0 497197 0 
40000 564332 0 497280 0 
40000 564443 0 497474 0 
41000 579622 0 514727 0 
41000 579572 0 513927 0 
41000 579752 0 513785 0 
41000 579737 0 514319 0 
41000 579831 0 513697 0 
41000 579889 0 513932 0 
41000 579944 0 514021 0 
41000 579772 0 513464 0 
41000 579818 0 514063 0 
41000 579638 0 513783 0 
42000 595290 0 531385 0 
42000 595356 0 531193 0 
42000 595467 0 531893 0 
42000 595337 0 531462 0 
42000 595490 0 531371 0 
42000 595235 0 531593 0 
42000 595380 0 531291 0 
42000 595301 0 531260 0 
42000 595347 0 531444 0 
42000 595414 0 531343 0 
43000 611053 0 549994 0 
43000 610988 0 549743 0 
43000 611051 0 549537 0 
43000 610977 0 549380 0 
43000 610875 0 549396 0 
43000 611129 0 549620 0 
43000 610725 0 549207 0 
43000 611107 0 549742 0 
43000 610969 0 549932 0 
43000 611108 0 549458 0 
44000 626246 0 568143 0 
44000 626549 0 567619 0 
44000 626416 0 567598 0 
44000 626411 0 567704 0 
44000 626900 0 567583 0 
44000 626348 0 567685 0 
44000 626640 0 567719 0 
44000 626688 0 568167 0 
44000 626619 0 567833 0 
44000 626681 0 567412 0 
45000 642348 0 585453 0 
45000 642113 0 585636 0 
45000 642176 0 585407 0 
45000 642174 0 585844 0 
45000 642401 0 585514 0 
45000 642148 0 585428 0 
45000 642520 0 585380 0 
45000 642370 0 585323 0 
45000 642138 0 585225 0 
45000 642352 0 585172 0 
46000 657952 0 602478 0 
46000 657878 0 602607 0 
46000 657785 0 602817 0 
46000 657931 0 602474 0 
46000 657941 0 602798 0 
46000 657811 0 602766 0 
46000 657982 0 603096 0 
46000 657909 0 602945 0 
46000 657905 0 602633 0 
46000 657941 0 602914 0 
47000 673505 0 619048 0 
47000 673468 0 618961 0 
47000 673342 0 618981 0 
47000 673471 0 619015 0 
47000 673426 0 618819 0 
47000 673401 0 618900 0 
47000 673523 0 618986 0 
47000 673588 0 619031 0 
47000 673603 0 619126 0 
47000 673781 0 618951 0 
48000 689236 0 634516 0 
48000 689369 0 634498 0 
48000 689224 0 634405 0 
48000 689184 0 634259 0 
48000 689393 0 634814 0 
48000 688940 0 634265 0 
48000 689381 0 634083 0 
48000 689533 0 634501 0 
48000 689303 0 634329 0 
48000 689196 0 634887 0 
49000 704777 0 649239 0 
49000 704760 0 649081 0 
49000 704963 0 649009 0 
49000 704944 0 648872 0 
49000 704832 0 648896 0 
49000 704924 0 649102 0 
49000 704710 0 649197 0 
49000 704733 0 649059 0 
49000 705150 0 649211 0 
49000 704978 0 649161 0 
50000 720884 0 663210 0 
50000 721097 0 662980 0 
50000 720579 0 662939 0 
50000 720848 0 663152 0 
50000 720968 0 663238 0 
50000 720892 0 663211 0 
50000 720649 0 662938 0 
50000 721035 0 663028 0 
50000 720994 0 663298 0 
50000 720882 0 663304 0 
