1000 15597.3 2415.31 12104.3 5759.53 15.5973 2.41531 12.1043 5.75953
2000 34084.7 5287.36 26918 12632.5 17.0424 2.64368 13.459 6.31625
3000 53809.7 8344.22 43377.5 20045 17.9366 2.78141 14.4592 6.68168
4000 75005.4 11499.2 60333.1 27436.8 18.7514 2.8748 15.0833 6.8592
5000 95648.8 14765.8 77163.5 35142.9 19.1298 2.95315 15.4327 7.02858
6000 117867 18059.4 95436.9 43760.7 19.6445 3.0099 15.9062 7.29345
7000 140452 21417 113234 52116.7 20.0646 3.05957 16.1762 7.44524
8000 163250 24813.4 131838 59909.2 20.4063 3.10168 16.4798 7.48865
9000 185187 28292.3 150980 69069 20.5764 3.14359 16.7755 7.67434
10000 207990 31788.5 169623 77514.1 20.799 3.17885 16.9623 7.75141
11000 230184 35369.2 188892 85682.6 20.9258 3.21538 17.172 7.78933
12000 254031 38933.2 208361 94989.4 21.1693 3.24444 17.3634 7.91578
13000 278230 42501.6 227694 102795 21.4023 3.26935 17.5149 7.90733
14000 302015 46108.8 246949 111826 21.5725 3.29348 17.6392 7.98754
15000 327267 49744.6 267097 121601 21.8178 3.3163 17.8065 8.10674
16000 353340 53311.9 286239 129372 22.0838 3.332 17.8899 8.08578
17000 374734 57082.4 307582 138932 22.0432 3.35779 18.0931 8.17248
18000 396586 60830.8 327024 147970 22.0326 3.37949 18.168 8.22057
19000 425248 64440.1 350795 157583 22.3815 3.39158 18.4629 8.29382
20000 450307 68141.6 369073 165043 22.5154 3.40708 18.4537 8.25213
21000 471673 72023.4 387856 174363 22.4606 3.42969 18.4694 8.303
22000 498132 75738.5 409581 184347 22.6424 3.44266 18.6173 8.37941
23000 522525 79562.3 429502 192768 22.7185 3.45923 18.674 8.38121
24000 547359 83349.5 450578 202445 22.8066 3.4729 18.7741 8.43522
25000 574265 87092.2 471056 211975 22.9706 3.48369 18.8422 8.47901
26000 600999 90889.4 493485 221306 23.1154 3.49574 18.9802 8.51178
27000 623908 94901.5 516818 231363 23.1077 3.51487 19.1414 8.569
28000 650577 98564.2 535494 240216 23.2349 3.52015 19.1248 8.57914
29000 673714 102545 556311 249356 23.2315 3.53605 19.1831 8.59848
30000 701878 106332 576902 259844 23.3959 3.54441 19.2301 8.66148
31000 723249 110339 599319 267284 23.3306 3.55931 19.3329 8.62206
32000 752799 114126 626032 278589 23.525 3.56642 19.5635 8.70592
33000 775763 118146 642781 287955 23.508 3.58017 19.4782 8.72592
34000 805453 121967 667654 298260 23.6898 3.58726 19.6369 8.77235
35000 830883 125819 687305 306181 23.7395 3.59483 19.6373 8.74803
36000 859713 129657 708778 319664 23.8809 3.60157 19.6883 8.87955
37000 879626 133802 729223 326921 23.7737 3.61626 19.7087 8.8357
38000 905509 137838 754069 336636 23.8292 3.62731 19.8439 8.85885
39000 936831 141631 773523 342820 24.0213 3.63156 19.8339 8.79026
40000 963567 145504 796379 357118 24.0892 3.63759 19.9095 8.92795
41000 985135 149678 817215 364559 24.0277 3.65069 19.9321 8.89168
42000 1.01118e+06 153671 841516 372752 24.0756 3.65884 20.0361 8.87505
43000 1.03746e+06 157617 864615 384820 24.1271 3.6655 20.1073 8.94931
44000 1.0618e+06 161734 882652 396272 24.1319 3.67578 20.0603 9.00619
45000 1.09129e+06 165846 910473 405019 24.251 3.68546 20.2327 9.00041
46000 1.11842e+06 169732 924563 412203 24.3135 3.68982 20.0992 8.96093
47000 1.14176e+06 173812 950176 422723 24.2927 3.69813 20.2165 8.99411
48000 1.16659e+06 177830 975120 433867 24.3039 3.70479 20.315 9.03889
49000 1.20107e+06 181532 995488 445538 24.5116 3.70473 20.3161 9.09262
50000 1.22915e+06 185598 1.02077e+06 457306 24.5829 3.71197 20.4155 9.14612
