10000 401156 484838 167061 26.2632 26.3684
20000 874134 1.05404e+06 362250 29.4211 29.5263
30000 1.39564e+06 1.68055e+06 576419 31.2105 31.4211
40000 1.88799e+06 2.27776e+06 780863 32.1579 32.2105
50000 2.43628e+06 2.93434e+06 1.00514e+06 33.5263 33.5789
60000 2.97024e+06 3.57751e+06 1.22509e+06 33.9474 33.8421
70000 3.49083e+06 4.21799e+06 1444032 33.8947 34.1053
80000 4.05082e+06 4.90717e+06 1.67899e+06 34.3684 34.5789
90000 4.60553e+06 5.54927e+06 1.89845e+06 35.5789 35.5789
100000 5.13097e+06 6.17737e+06 2.11336e+06 35.4737 35.5789
