10000 286595 3.84272e+06 896251 34.7368 5000
20000 617640 8.36019e+06 1.94035e+06 39.5789 10000
30000 966284 1.31432e+07 3.04255e+06 41.3158 15000
40000 1.32552e+06 1.80878e+07 4.18001e+06 43.2632 20000
50000 1.69198e+06 2.31485e+07 5.34286e+06 44.8421 25000
60000 2.06586e+06 2.83139e+07 6.52892e+06 46.1053 30000
70000 2.44541e+06 3.35617e+07 7733279 46.8421 35000
80000 2.82925e+06 3.8884e+07 8.95331e+06 46.9474 40000
90000 3.21649e+06 4.42524e+07 1.01836e+07 48.2632 45000
100000 3.60826e+06 4.9689e+07 1.14292e+07 49.4737 50000
