1000 12081.9 2612.2 15460.4 2416.7 12.0819 2.6122 15.4604 2.4167
2000 28207.1 5668.6 34611.4 5277.9 14.1035 2.8343 17.3057 2.63895
3000 45479.2 8882.5 54292.1 8340.3 15.1597 2.96083 18.0974 2.7801
4000 62132.5 12221.2 75059.9 11480.6 15.5331 3.0553 18.765 2.87015
5000 81140.5 15705.1 96485.3 14720 16.2281 3.14102 19.2971 2.944
6000 96222.2 19298.2 117254 18116.1 16.037 3.21637 19.5423 3.01935
7000 115726 22872 141176 21414.6 16.5323 3.26743 20.168 3.05923
8000 135976 26430 164760 24847.9 16.997 3.30375 20.5951 3.10599
9000 161412 29830.6 186659 28268.6 17.9347 3.31451 20.7399 3.14096
10000 174777 33647.3 207685 31892.8 17.4777 3.36473 20.7685 3.18928
11000 193500 37597 228933 35431.3 17.5909 3.41791 20.8121 3.22103
12000 216892 41237.5 252236 38870.7 18.0743 3.43646 21.0196 3.23922
13000 234398 45054.6 279229 42516.7 18.0306 3.46574 21.4792 3.27052
14000 257568 48745.5 300934 46150.6 18.3977 3.48182 21.4953 3.29647
15000 278860 52665.7 325028 49681.8 18.5907 3.51105 21.6686 3.31212
16000 306338 56405.8 355544 53303.2 19.1462 3.52536 22.2215 3.33145
17000 321838 60357.5 367478 57315.1 18.9316 3.55044 21.6163 3.37148
18000 338151 64062.7 395685 60701.5 18.7862 3.55904 21.9825 3.37231
19000 359115 68374.8 423934 64424.6 18.9008 3.59867 22.3123 3.39077
20000 386550 71912.3 451400 68007.5 19.3275 3.59562 22.57 3.40037
21000 402823 75890.3 470638 72054.8 19.182 3.61382 22.4113 3.43118
22000 434501 79761.6 496498 75716 19.75 3.62553 22.5681 3.44164
23000 448023 84006.9 527589 79390.8 19.4793 3.65247 22.9387 3.45177
24000 469243 87695.5 548975 83402.9 19.5518 3.65398 22.8739 3.47512
25000 496742 91505.6 571283 87229.2 19.8697 3.66022 22.8513 3.48917
26000 517911 95811.4 597439 90999.9 19.9197 3.68505 22.9784 3.5
27000 536673 99736.4 635305 94734.5 19.8768 3.69394 23.5298 3.50869
28000 558786 103986 639983 98936.1 19.9566 3.71379 22.8565 3.53343
29000 597059 107309 679623 102495 20.5882 3.70032 23.4353 3.53432
30000 596818 112250 702833 106361 19.8939 3.74165 23.4278 3.54537
31000 627701 116219 718101 110443 20.2484 3.74899 23.1645 3.56267
32000 648417 120249 754195 114163 20.263 3.75778 23.5686 3.56758
33000 670224 124606 772335 118025 20.3098 3.77593 23.4041 3.57651
34000 687707 128576 799260 122144 20.2267 3.78164 23.5076 3.59247
35000 732678 131853 817366 126252 20.9336 3.76723 23.3533 3.60719
36000 740208 136795 850464 129931 20.5613 3.79986 23.624 3.60919
37000 761040 140553 884092 133623 20.5687 3.79872 23.8944 3.61144
38000 793563 144673 898276 137858 20.8832 3.80717 23.6388 3.62783
39000 806935 149274 937605 141493 20.6906 3.82754 24.0412 3.62803
40000 838958 152879 973126 145203 20.9739 3.82198 24.3282 3.63008
41000 859093 157209 983289 149565 20.9535 3.83437 23.9827 3.64793
42000 883014 161208 1.01542e+06 153390 21.0241 3.83829 24.1766 3.65214
43000 894043 166062 1.0467e+06 157285 20.7917 3.86192 24.3418 3.65779
44000 912370 170602 1.06286e+06 161774 20.7357 3.87733 24.1558 3.67667
45000 951898 173819 1.09278e+06 165899 21.1533 3.86265 24.284 3.68665
46000 963283 178360 1.14471e+06 169132 20.9409 3.8774 24.885 3.67679
47000 988590 182518 1.1519e+06 173556 21.0338 3.88337 24.5085 3.69267
48000 1.02326e+06 186497 1.17191e+06 177557 21.3179 3.88535 24.4148 3.69911
49000 1.03838e+06 190960 1.20686e+06 181477 21.1915 3.89713 24.6298 3.70361
50000 1.08453e+06 194755 1.23753e+06 185152 21.6906 3.8951 24.7505 3.70305
