10 28 15 56 10 31 23 
10 28 14 57 6 19 10 
10 35 21 55 10 29 22 
10 20 10 59 8 38 31 
10 26 14 62 8 20 13 
10 23 14 54 11 29 22 
10 20 5 64 7 31 23 
10 25 13 52 9 33 25 
10 21 8 52 9 23 15 
10 28 18 53 10 39 34 
20 61 23 129 19 79 61 
20 80 37 134 22 126 110 
20 83 38 137 26 110 91 
20 64 28 169 23 127 110 
20 62 25 139 28 142 124 
20 78 33 136 25 104 88 
20 73 31 155 24 126 110 
20 83 23 141 28 126 109 
20 68 25 135 23 118 104 
20 81 23 139 21 105 89 
30 133 53 211 42 260 234 
30 121 49 228 37 231 205 
30 128 59 217 39 222 197 
30 127 50 209 42 272 245 
30 136 57 242 38 273 249 
30 164 50 226 37 239 211 
30 130 54 216 39 258 232 
30 119 60 223 34 219 191 
30 119 50 228 36 238 212 
30 126 52 262 41 263 239 
40 221 73 359 54 441 405 
40 183 73 316 51 456 421 
40 185 81 310 54 455 420 
40 179 79 354 48 429 396 
40 190 68 311 57 457 419 
40 218 73 315 56 441 407 
40 186 60 338 55 443 406 
40 266 83 313 52 425 390 
40 207 68 340 53 365 326 
40 177 71 352 53 429 393 
50 340 96 451 80 762 716 
50 283 89 418 75 722 678 
50 233 89 428 72 701 653 
50 230 93 439 75 690 647 
50 246 92 454 70 602 554 
50 268 93 459 68 629 583 
50 248 100 408 78 597 550 
50 255 81 485 70 659 614 
50 282 82 449 68 630 582 
50 340 101 445 74 610 566 
