1000 12024 2602 15272 2451 
1000 11406 2616 15793 2404 
1000 12682 2551 15842 2355 
1000 12178 2712 15299 2437 
1000 11752 2646 15372 2396 
1000 11605 2646 16272 2406 
1000 11924 2577 15168 2397 
1000 13285 2536 15803 2432 
1000 12495 2598 15343 2430 
1000 11468 2638 14440 2459 
2000 28834 5534 33395 5308 
2000 29673 5629 34581 5278 
2000 29475 5645 35400 5287 
2000 27485 5775 33621 5307 
2000 28462 5660 35385 5314 
2000 29305 5646 33731 5228 
2000 25925 5818 33219 5328 
2000 25951 5736 34431 5263 
2000 27287 5642 36553 5180 
2000 29674 5601 35798 5286 
3000 46560 8992 53537 8363 
3000 49620 8728 55531 8297 
3000 45533 8937 54052 8234 
3000 45587 8877 52376 8417 
3000 43311 8860 55738 8327 
3000 46209 8868 55674 8322 
3000 43794 8898 55601 8205 
3000 42606 9007 56029 8387 
3000 44737 8857 51207 8454 
3000 46835 8801 53176 8397 
4000 62935 12242 77680 11400 
4000 59146 12297 74195 11467 
4000 61383 12010 72656 11615 
4000 68532 12036 74990 11491 
4000 62182 12283 73842 11428 
4000 60939 12233 75247 11491 
4000 60461 12423 73427 11583 
4000 62834 12288 74381 11489 
4000 62192 12179 74131 11539 
4000 60721 12221 80050 11303 
5000 84172 15741 93690 14691 
5000 78258 15843 98398 14578 
5000 81530 15847 98833 14823 
5000 82229 15544 95134 14796 
5000 79051 15678 89135 14992 
5000 80516 15689 96821 14618 
5000 77689 15815 95731 14877 
5000 86033 15595 101065 14677 
5000 78974 15837 98838 14610 
5000 82953 15462 97208 14538 
6000 98494 19425 125134 17743 
6000 97365 19254 120675 18038 
6000 98054 19260 115213 18138 
6000 91193 19232 116860 18346 
6000 99907 19103 115001 18299 
6000 90918 19666 120397 17775 
6000 96691 19386 114106 18340 
6000 96893 19394 115810 18134 
6000 96206 19220 115783 18085 
6000 96501 19042 113559 18263 
7000 115107 22990 140614 21168 
7000 127599 22459 141209 21371 
7000 113696 22851 132290 21631 
7000 113696 23144 137853 21517 
7000 111662 22719 137674 21580 
7000 113286 22922 151251 21337 
7000 115548 22898 153828 20818 
7000 117651 22831 140491 21555 
7000 113734 23005 134443 21592 
7000 115279 22901 142106 21577 
8000 134424 26488 162225 24854 
8000 139568 26334 174253 24496 
8000 128323 26848 163953 24909 
8000 140797 26470 164614 24855 
8000 156273 25824 165983 24866 
8000 128069 26664 169830 24683 
8000 129647 26594 155467 25176 
8000 137729 26420 169067 24600 
8000 135680 26091 163851 24928 
8000 129249 26567 158362 25112 
9000 159746 29702 188160 28223 
9000 158959 30150 184104 28090 
9000 154329 30248 180389 28585 
9000 158475 29753 185737 28298 
9000 160189 29731 189845 28146 
9000 153131 30160 192634 28172 
9000 174469 29593 189769 27985 
9000 155649 29952 188416 28353 
9000 163345 29470 178047 28609 
9000 175830 29547 189488 28225 
10000 179452 33730 213439 31861 
10000 188010 33129 197341 32235 
10000 176214 33401 213066 31755 
10000 177669 33555 203494 31881 
10000 169741 33971 199745 32113 
10000 170781 33901 212159 31798 
10000 175333 33528 230065 31140 
10000 174068 33594 198641 32275 
10000 166285 33686 211757 31634 
10000 170217 33978 197146 32236 
11000 196687 37512 225743 35379 
11000 188124 37893 246581 35326 
11000 189119 37773 226080 35577 
11000 190075 37389 223396 35371 
11000 205454 37119 217443 35676 
11000 197820 37441 223044 35351 
11000 185581 37627 216088 35977 
11000 201988 37433 230896 35330 
11000 187038 38036 231119 35424 
11000 193115 37747 248944 34902 
12000 231370 40875 252966 38644 
12000 250785 40171 254543 38760 
12000 205454 41835 255065 38724 
12000 213083 41490 245780 39202 
12000 209930 41489 258637 38812 
12000 203655 41429 258010 38638 
12000 222826 40763 246800 38768 
12000 209395 41643 243680 39078 
12000 206990 41515 249280 39171 
12000 215432 41165 257596 38910 
13000 223254 45447 277976 42391 
13000 240866 45032 282790 42261 
13000 240574 44822 279857 42810 
13000 232393 45196 268343 42857 
13000 227546 45118 278816 42436 
13000 228100 45511 305730 41909 
13000 256497 44345 278327 42298 
13000 228045 45013 271365 42655 
13000 239765 44809 275862 42903 
13000 226936 45253 273227 42647 
14000 251171 49305 291238 46614 
14000 246098 48905 289128 46535 
14000 249224 49072 300109 45836 
14000 258088 48367 293598 46315 
14000 262538 48808 307895 45910 
14000 260229 48435 303194 45932 
14000 257716 48793 291845 46488 
14000 245599 48826 300060 46143 
14000 281948 48272 326650 45746 
14000 263065 48672 305621 45987 
15000 271841 52606 325707 49880 
15000 283811 52381 324734 49453 
15000 273304 52979 323322 49856 
15000 269787 52592 323906 49911 
15000 279751 53031 330950 49501 
15000 279913 52912 329541 49336 
15000 269327 52995 329333 49528 
15000 319586 52076 316375 49931 
15000 263304 52696 325235 49573 
15000 277979 52389 321181 49849 
16000 306284 56249 349954 53554 
16000 278604 57353 366537 52703 
16000 312129 55725 355059 53133 
16000 280552 57211 343877 53918 
16000 301822 56442 360350 53201 
16000 310825 56319 366290 53302 
16000 356506 55575 340690 53966 
16000 301404 56489 369297 52724 
16000 308596 56377 361549 52970 
16000 306662 56318 341835 53561 
17000 323423 60184 355836 57653 
17000 312697 60634 365808 57330 
17000 316440 60222 364514 57472 
17000 378414 59340 361738 57694 
17000 323019 60102 349483 58004 
17000 299301 61044 363733 57475 
17000 315967 60688 382294 56667 
17000 318280 60490 386247 57028 
17000 313965 60225 365746 57421 
17000 316871 60646 379378 56407 
18000 338925 63618 383800 61145 
18000 346478 64083 392469 60621 
18000 329716 64254 391899 61167 
18000 340928 64006 400553 60574 
18000 346310 64037 394474 60560 
18000 341022 64082 414488 59726 
18000 330224 64387 400670 60449 
18000 336878 63908 396858 61107 
18000 327045 64333 398161 60748 
18000 343986 63919 383481 60918 
19000 362876 68242 430333 63683 
19000 356765 68169 415447 64252 
19000 358563 67938 429353 64283 
19000 349851 68755 421071 64634 
19000 361306 68178 422767 64937 
19000 354377 68907 436817 64163 
19000 374590 67587 415032 64076 
19000 360253 68100 429719 64535 
19000 362480 68620 422755 64752 
19000 350092 69252 416045 64931 
20000 384069 72775 443926 68029 
20000 392777 71777 447871 68084 
20000 404420 71084 472072 67062 
20000 376289 72327 433761 68555 
20000 386165 71485 473258 67340 
20000 387729 71673 455038 68151 
20000 371899 72526 449113 68185 
20000 396420 71606 439152 68505 
20000 378060 71852 456561 67938 
20000 387677 72018 443244 68226 
21000 389195 76001 470909 71939 
21000 386817 76375 479092 71832 
21000 418441 75500 465577 71996 
21000 405011 75473 493617 72086 
21000 383572 76631 452253 72268 
21000 419832 75581 469018 71963 
21000 406820 75270 485466 72223 
21000 410783 76111 444910 72665 
21000 404592 75870 472334 72056 
21000 403167 76091 473202 71520 
22000 458414 78851 512108 75950 
22000 446670 79204 494953 76339 
22000 422675 80558 484861 76284 
22000 442358 79454 517755 74759 
22000 445810 78644 532179 73845 
22000 406644 80194 496442 75600 
22000 425594 80915 482688 76073 
22000 417221 80342 478444 76493 
22000 436970 79451 486620 75655 
22000 442654 80003 478926 76162 
23000 442472 83789 505982 80085 
23000 436378 83522 546723 79026 
23000 448965 84093 534143 78902 
23000 443296 83827 510198 79859 
23000 458135 83819 535977 79518 
23000 478899 83648 502935 80278 
23000 440906 84194 571216 77863 
23000 453038 83768 528070 79447 
23000 422241 85186 505385 80030 
23000 455901 84223 535263 78900 
24000 482640 87652 556243 82538 
24000 475484 86583 549526 83332 
24000 458816 88061 542456 84035 
24000 472904 87529 555945 82696 
24000 487309 87188 545343 84139 
24000 480328 86667 528864 83800 
24000 466047 87931 560064 83037 
24000 455683 88338 553664 83034 
24000 449866 89052 551494 83582 
24000 463356 87954 546148 83836 
25000 515407 91920 554145 87668 
25000 539759 89977 573972 87264 
25000 486567 91244 556215 87498 
25000 474344 91433 573573 87260 
25000 501122 91575 581067 87770 
25000 487475 91875 587626 86902 
25000 466056 92787 569154 87161 
25000 518021 90866 585452 86523 
25000 491629 91491 564542 86831 
25000 487039 91888 567087 87415 
26000 511090 96133 601549 91013 
26000 516548 95657 568711 91747 
26000 513999 95986 597209 90909 
26000 505886 96303 595806 91385 
26000 504141 95979 620743 89977 
26000 512348 95020 605006 90761 
26000 520254 95458 590756 91091 
26000 541620 95906 593821 90908 
26000 530179 95321 607701 91275 
26000 523048 96351 593092 90933 
27000 530018 100663 606039 95731 
27000 550617 98928 626642 95361 
27000 530656 99985 631060 94312 
27000 563822 99472 645300 93638 
27000 524789 99997 626710 94952 
27000 511539 100467 656223 94747 
27000 525589 99994 643759 95181 
27000 535961 99536 623327 95248 
27000 550968 98912 638385 94215 
27000 542772 99410 655606 93960 
28000 545402 103985 668962 98575 
28000 555606 104056 661822 98573 
28000 561185 103323 631251 99049 
28000 577712 104066 620164 99743 
28000 589436 103568 640325 98404 
28000 548706 104381 621917 99124 
28000 540488 104098 659881 98428 
28000 537572 104806 654117 98467 
28000 544315 104362 616920 99253 
28000 587435 103215 624471 99745 
29000 579762 107889 690137 102844 
29000 614976 106850 652135 103474 
29000 621686 106085 649234 102691 
29000 583079 107312 687026 102202 
29000 545917 109236 677260 102397 
29000 619047 106207 678972 102630 
29000 610615 107326 685508 101906 
29000 625514 106130 697767 102136 
29000 601626 107784 671522 102113 
29000 568364 108275 706669 102559 
30000 584063 112737 703676 106712 
30000 591424 112146 724192 105312 
30000 617465 111814 678937 107403 
30000 595125 112397 698432 106234 
30000 594947 112200 698785 106618 
30000 607818 112226 715347 105182 
30000 554159 114145 717357 106228 
30000 597095 111336 713029 105971 
30000 603810 111720 692868 106963 
30000 622273 111775 685706 106989 
31000 630620 115235 750157 110468 
31000 612737 116349 707192 110450 
31000 591331 117660 722404 109643 
31000 635671 116224 711443 110834 
31000 641851 115842 712781 110042 
31000 714414 114951 703693 110753 
31000 635550 116542 728444 110544 
31000 592888 116380 749333 109763 
31000 603439 116513 690220 110989 
31000 618510 116491 705343 110942 
32000 633511 120522 723181 115200 
32000 644784 120563 719412 115398 
32000 653275 120292 752602 113145 
32000 669531 119439 743804 114919 
32000 673956 119421 756662 114179 
32000 659901 119337 788696 114411 
32000 636252 121567 766105 113881 
32000 663046 119438 779414 113454 
32000 616631 120610 751375 113738 
32000 633282 121302 760698 113302 
33000 689765 124588 787642 117623 
33000 672994 124109 756913 118952 
33000 676980 125210 754700 118844 
33000 668552 124873 787761 117150 
33000 654159 125348 776604 117211 
33000 665491 124163 784753 117225 
33000 664509 124194 755960 118945 
33000 690312 123852 762985 118392 
33000 666919 124828 750746 119238 
33000 652556 124891 805282 116667 
34000 693273 128789 795107 122862 
34000 661481 129578 767513 123940 
34000 659221 128598 823729 120775 
34000 710965 127162 789900 122181 
34000 704148 128560 811559 122118 
34000 687917 128558 780875 122596 
34000 657308 129504 813264 121193 
34000 686323 129239 798108 121956 
34000 716408 127589 804046 122206 
34000 700027 128179 808494 121614 
35000 694966 132706 814027 126800 
35000 712235 132895 810864 126597 
35000 719558 132300 803808 126542 
35000 754337 131069 794435 126821 
35000 708521 132750 837355 125460 
35000 715609 131093 819882 126370 
35000 721033 132624 850759 124385 
35000 810350 129192 801970 126953 
35000 713602 132927 831224 126312 
35000 776565 130976 809338 126278 
36000 771160 136257 906061 126510 
36000 700302 137984 829593 130061 
36000 749637 136255 846627 130484 
36000 775549 136093 856437 130070 
36000 755578 136171 812332 131250 
36000 739813 137840 847697 130401 
36000 736609 135775 835254 130622 
36000 689962 137565 836148 130650 
36000 725722 137411 847480 129582 
36000 757749 136599 887015 129680 
37000 753015 140325 867673 134657 
37000 735043 141568 857131 134159 
37000 736528 141246 854453 135220 
37000 774829 139737 901582 132931 
37000 763740 140071 899936 132571 
37000 766665 141057 888352 133786 
37000 762276 140350 887135 133274 
37000 782990 140344 865442 134439 
37000 759386 141562 935893 131681 
37000 775931 139267 883320 133513 
38000 744173 146838 867854 139568 
38000 795294 143534 911111 137590 
38000 770112 144919 897494 138144 
38000 769494 145087 913089 136929 
38000 849198 143886 895942 138287 
38000 786027 144648 880477 138474 
38000 806387 144355 931767 136478 
38000 792684 144821 876797 139242 
38000 848222 143408 901955 136947 
38000 774036 145230 906271 136916 
39000 782634 149886 940984 140120 
39000 855581 147862 920247 141295 
39000 769788 150443 914039 142313 
39000 781182 149939 934112 141086 
39000 782845 149561 949785 141396 
39000 833114 148815 944190 141502 
39000 776906 150748 927647 142255 
39000 825461 148759 947833 141182 
39000 798626 149774 942169 141619 
39000 863211 146953 955046 142163 
40000 883722 151229 932202 146973 
40000 834247 152816 999855 143682 
40000 829933 153132 995466 144669 
40000 848595 152255 956864 145951 
40000 804213 154981 971157 145900 
40000 847701 152137 963932 146367 
40000 845876 152555 961071 145367 
40000 835070 153205 932810 146159 
40000 822197 154057 1017282 142771 
40000 838023 152424 1000626 144191 
41000 839663 157208 933587 150794 
41000 832874 157638 987708 149478 
41000 844076 157977 960928 150691 
41000 817154 158882 969328 149052 
41000 945312 154499 984521 149670 
41000 867703 156478 1023929 149708 
41000 855252 157692 988385 148668 
41000 868233 156643 1001691 148703 
41000 886513 156876 992393 149472 
41000 834150 158197 990423 149417 
42000 896568 160422 1024849 151781 
42000 853350 162974 991740 153654 
42000 860620 161867 998438 153820 
42000 857568 162226 991610 154244 
42000 856596 162497 1037854 153291 
42000 994639 157454 984657 155007 
42000 856218 161801 995889 154494 
42000 830264 162756 1042110 152286 
42000 908166 160149 1008671 153920 
42000 916148 159935 1078350 151402 
43000 900165 166231 1071088 157332 
43000 881974 166374 1031255 157724 
43000 905904 165344 1031265 158789 
43000 857211 167500 1043352 157450 
43000 909211 166886 1064055 155349 
43000 885565 166711 1057605 157498 
43000 921984 165701 1001188 158461 
43000 894449 164342 1049577 157078 
43000 883134 165768 1093151 155236 
43000 900834 165768 1024427 157932 
44000 941839 169495 1069500 161134 
44000 883996 170835 1054202 162089 
44000 950341 169770 1089594 161355 
44000 892192 170688 1076156 160475 
44000 942762 170535 1047225 162656 
44000 908752 171076 1069232 161494 
44000 902839 170318 1056753 162615 
44000 908993 171127 1072373 160924 
44000 898690 170998 1054361 162266 
44000 893298 171183 1039172 162728 
45000 989053 173428 1068492 166207 
45000 1015367 171991 1113188 165886 
45000 958477 173235 1090175 165233 
45000 934812 173529 1120450 165881 
45000 941614 173652 1081472 166069 
45000 943343 174569 1054487 167233 
45000 928369 174702 1091031 166266 
45000 950078 174093 1111604 165355 
45000 926713 173925 1082458 165262 
45000 931159 175068 1114451 165601 
46000 933046 178993 1193123 168494 
46000 1005453 176817 1108958 169929 
46000 948405 180194 1138399 168848 
46000 1017925 174938 1161238 168404 
46000 937963 179899 1106793 169516 
46000 968714 177585 1148444 167335 
46000 967728 179115 1217894 168058 
46000 982116 177358 1103382 170238 
46000 930944 179751 1116868 170442 
46000 940535 178952 1152009 170059 
47000 1015628 180868 1148121 174815 
47000 967723 183553 1130803 173535 
47000 983635 182669 1125199 174345 
47000 1013713 183446 1176263 171569 
47000 986437 182359 1122096 174713 
47000 944559 183554 1157145 172464 
47000 1007078 180940 1201166 172216 
47000 1002014 182197 1105082 174419 
47000 994797 182177 1219138 172458 
47000 970321 183422 1133995 175021 
48000 1074489 185594 1157740 178516 
48000 995121 185644 1161230 176680 
48000 1025947 186618 1153048 178955 
48000 1003674 186432 1163521 176795 
48000 996190 187154 1146675 178704 
48000 1022586 186249 1157069 178581 
48000 1031135 187129 1165371 177274 
48000 1040854 186309 1208749 176793 
48000 1059248 187428 1216135 175954 
48000 983329 186412 1189554 177320 
49000 1019433 192295 1198076 182064 
49000 999675 192543 1187136 181755 
49000 1109012 188488 1143192 184388 
49000 1057533 190071 1210346 181875 
49000 1000493 192329 1207680 181150 
49000 1016600 191881 1186928 181253 
49000 1025064 192426 1178899 182177 
49000 1072941 188020 1292852 178612 
49000 1022387 191366 1223905 181033 
49000 1060708 190176 1239594 180461 
50000 1113190 194772 1251782 184069 
50000 1125100 192644 1221803 185015 
50000 1056950 195897 1261716 185875 
50000 1087378 196054 1257641 185442 
50000 1113461 192584 1219296 186230 
50000 1045771 196468 1214850 184955 
50000 1022765 196239 1253373 184067 
50000 1092480 194298 1241628 185703 
50000 1090468 194292 1225777 185445 
50000 1097726 194303 1227403 184722 
