10 24 13 58 10 20 11 
10 24 13 58 10 20 11 
10 24 13 58 10 20 11 
10 24 13 58 10 20 11 
10 24 13 58 10 20 11 
10 24 13 58 10 20 11 
10 24 13 58 10 20 11 
10 24 13 58 10 20 11 
10 24 13 58 10 20 11 
10 24 13 58 10 20 11 
20 96 35 134 23 97 81 
20 96 35 134 23 97 81 
20 96 35 134 23 97 81 
20 96 35 134 23 97 81 
20 96 35 134 23 97 81 
20 96 35 134 23 97 81 
20 96 35 134 23 97 81 
20 96 35 134 23 97 81 
20 96 35 134 23 97 81 
20 96 35 134 23 97 81 
30 133 50 220 37 262 236 
30 133 50 220 37 262 236 
30 133 50 220 37 262 236 
30 133 50 220 37 262 236 
30 133 50 220 37 262 236 
30 133 50 220 37 262 236 
30 133 50 220 37 262 236 
30 133 50 220 37 262 236 
30 133 50 220 37 262 236 
30 133 50 220 37 262 236 
40 225 68 317 61 361 326 
40 225 68 317 61 361 326 
40 225 68 309 61 401 366 
40 182 81 309 61 401 366 
40 182 81 309 61 401 366 
40 182 81 309 61 401 366 
40 182 81 309 61 401 366 
40 182 81 309 61 401 366 
40 182 81 309 61 401 366 
40 182 81 309 61 401 366 
50 246 103 408 76 638 591 
50 246 103 408 76 638 591 
50 246 103 408 76 638 591 
50 246 103 408 76 638 591 
50 246 103 408 76 638 591 
50 246 103 408 76 638 591 
50 246 103 408 76 638 591 
50 246 103 408 76 638 591 
50 246 103 408 76 638 591 
50 246 103 408 76 638 591 
