1000 12958 2737 16565 2373 
1000 12958 2737 16565 2373 
1000 12958 2737 16565 2373 
1000 12958 2737 16565 2373 
1000 12958 2737 16565 2373 
1000 12958 2737 16565 2373 
1000 12958 2737 16565 2373 
1000 12958 2737 16565 2373 
1000 12958 2737 15165 2449 
1000 11821 2918 15165 2449 
2000 24951 6214 33415 5330 
2000 24951 6214 33415 5330 
2000 24951 6214 33415 5330 
2000 24951 6214 33415 5330 
2000 24951 6214 33415 5330 
2000 24951 6214 33415 5330 
2000 24951 6214 33415 5330 
2000 24951 6214 33415 5330 
2000 24951 6214 33415 5330 
2000 24951 6214 33415 5330 
3000 43824 9535 53398 8458 
3000 43824 9535 53398 8458 
3000 43824 9535 53398 8458 
3000 43824 9535 53398 8458 
3000 43824 9535 53398 8458 
3000 43824 9535 53398 8458 
3000 43824 9535 53398 8458 
3000 43824 9535 53398 8458 
3000 43824 9535 53398 8458 
3000 43824 9535 53398 8458 
4000 57703 13264 75191 11465 
4000 57703 13264 75191 11465 
4000 57703 13264 75191 11465 
4000 57703 13264 75191 11465 
4000 57703 13264 75191 11465 
4000 57703 13264 75191 11465 
4000 57703 13264 75191 11465 
4000 57703 13264 75191 11465 
4000 57703 13264 75191 11465 
4000 57703 13264 75191 11465 
5000 79074 16803 94886 14818 
5000 79074 16803 94886 14818 
5000 79074 16803 94886 14818 
5000 79074 16803 94886 14818 
5000 79074 16803 94886 14818 
5000 79074 16803 94886 14818 
5000 79074 16803 94886 14818 
5000 79074 16803 94886 14818 
5000 79074 16803 94886 14818 
5000 79074 16803 94886 14818 
6000 88631 20816 122347 17961 
6000 88631 20816 122347 17961 
6000 88631 20816 122347 17961 
6000 88631 20816 122347 17961 
6000 88631 20816 122347 17961 
6000 88631 20816 122347 17961 
6000 88631 20816 122347 17961 
6000 88631 20816 122347 17961 
6000 88631 20816 122347 17961 
6000 88631 20816 122347 17961 
7000 118610 24398 142542 21130 
7000 118610 24398 142542 21130 
7000 118610 24398 142542 21130 
7000 118610 24398 142542 21130 
7000 118610 24398 142542 21130 
7000 118610 24398 142542 21130 
7000 118610 24398 142542 21130 
7000 118610 24398 142542 21130 
7000 118610 24398 142542 21130 
7000 118610 24398 142542 21130 
8000 131033 27865 158236 25000 
8000 131033 27865 158236 25000 
8000 131033 27865 158236 25000 
8000 131033 27865 158236 25000 
8000 131033 27865 158236 25000 
8000 131033 27865 158236 25000 
8000 131033 27865 158236 25000 
8000 131033 27865 158236 25000 
8000 131033 27865 158236 25000 
8000 131033 27865 158236 25000 
9000 137662 32289 182355 28466 
9000 137662 32289 182355 28466 
9000 137662 32289 182355 28466 
9000 137662 32289 182355 28466 
9000 137662 32289 182355 28466 
9000 137662 32289 182355 28466 
9000 137662 32289 182355 28466 
9000 137662 32289 182355 28466 
9000 137662 32289 182355 28466 
9000 137662 32289 182355 28466 
10000 156898 36289 206489 31783 
10000 156898 36289 206489 31783 
10000 156898 36289 206489 31783 
10000 156898 36289 206489 31783 
10000 156898 36289 206489 31783 
10000 156898 36289 206489 31783 
10000 156898 36289 206489 31783 
10000 156898 36289 206489 31783 
10000 156898 36289 206489 31783 
10000 156898 36289 206489 31783 
11000 181475 40466 234746 35117 
11000 181475 40466 234746 35117 
11000 181475 40466 234746 35117 
11000 181475 40466 234746 35117 
11000 181475 40466 234746 35117 
11000 181475 40466 234746 35117 
11000 181475 40466 234746 35117 
11000 181475 40466 234746 35117 
11000 181475 40466 234746 35117 
11000 181475 40466 234746 35117 
12000 199848 43842 257620 38725 
12000 199848 43842 257620 38725 
12000 199848 43842 257620 38725 
12000 199848 43842 257620 38725 
12000 199848 43842 257620 38725 
12000 199848 43842 257620 38725 
12000 199848 43842 251802 39046 
12000 198428 43872 251802 39046 
12000 198428 43872 251802 39046 
12000 198428 43872 251802 39046 
13000 210500 48618 283511 42514 
13000 210500 48618 283511 42514 
13000 210500 48618 283511 42514 
13000 210500 48618 283511 42514 
13000 210500 48618 283511 42514 
13000 210500 48618 283511 42514 
13000 210500 48618 283511 42514 
13000 210500 48618 283511 42514 
13000 210500 48618 283511 42514 
13000 210500 48618 283511 42514 
14000 231488 52210 301237 46189 
14000 231488 52210 301237 46189 
14000 231488 52210 301237 46189 
14000 231488 52210 301237 46189 
14000 231488 52210 301237 46189 
14000 231488 52210 301237 46189 
14000 231488 52210 301237 46189 
14000 231488 52210 301237 46189 
14000 231488 52210 301237 46189 
14000 231488 52210 301237 46189 
15000 243669 56613 320904 50102 
15000 243669 56613 320904 50102 
15000 243669 56613 320904 50102 
15000 243669 56613 320904 50102 
15000 243669 56613 320904 50102 
15000 243669 56613 320904 50102 
15000 243669 56613 320904 50102 
15000 243669 56613 320904 50102 
15000 243669 56613 320904 50102 
15000 243669 56613 320904 50102 
16000 270133 60528 351884 53546 
16000 270133 60528 351884 53546 
16000 270133 60528 351884 53546 
16000 270133 60528 351884 53546 
16000 270133 60528 351884 53546 
16000 270133 60528 351884 53546 
16000 270133 60528 351884 53546 
16000 270133 60528 351884 53546 
16000 270133 60528 351884 53546 
16000 270133 60528 351884 53546 
17000 281801 64867 370376 57539 
17000 281801 64867 370376 57539 
17000 281801 64867 370376 57539 
17000 281801 64867 370376 57539 
17000 281801 64867 370376 57539 
17000 281801 64867 370376 57539 
17000 281801 64867 370376 57539 
17000 281801 64867 370376 57539 
17000 281801 64867 370376 57539 
17000 281801 64867 370376 57539 
18000 307671 69188 418026 59946 
18000 307671 69188 418026 59946 
18000 307671 69188 418026 59946 
18000 307671 69188 418026 59946 
18000 307671 69188 418026 59946 
18000 307671 69188 418026 59946 
18000 307671 69188 418026 59946 
18000 307671 69188 418026 59946 
18000 307671 69188 418026 59946 
18000 307671 69188 418026 59946 
19000 335050 72354 425889 64165 
19000 335050 72354 425889 64165 
19000 335050 72354 425889 64165 
19000 335050 72354 425889 64165 
19000 335050 72354 425889 64165 
19000 335050 72354 425889 64165 
19000 335050 72354 425889 64165 
19000 335050 72354 425889 64165 
19000 335050 72354 425889 64165 
19000 335050 72354 425889 64165 
20000 360115 76932 436894 68673 
20000 360115 76932 436894 68673 
20000 344390 77231 454893 67483 
20000 344390 77231 454893 67483 
20000 344390 77231 454893 67483 
20000 344390 77231 454893 67483 
20000 344390 77231 454893 67483 
20000 344390 77231 454893 67483 
20000 344390 77231 454893 67483 
20000 344390 77231 454893 67483 
21000 355954 81733 458693 72616 
21000 355954 81733 458693 72616 
21000 355954 81733 458693 72616 
21000 355954 81733 458693 72616 
21000 355954 81733 458693 72616 
21000 355954 81733 458693 72616 
21000 355954 81733 458693 72616 
21000 355954 81733 458693 72616 
21000 355954 81733 458693 72616 
21000 355954 81733 458693 72616 
22000 410899 84903 512822 75570 
22000 410899 84903 512822 75570 
22000 410899 84903 512822 75570 
22000 410899 84903 512822 75570 
22000 410899 84903 512822 75570 
22000 410899 84903 512822 75570 
22000 410899 84903 512822 75570 
22000 410899 84903 512822 75570 
22000 410899 84903 512822 75570 
22000 410899 84903 512822 75570 
23000 399248 90698 493820 80540 
23000 399248 90698 493820 80540 
23000 399248 90698 493820 80540 
23000 399248 90698 493820 80540 
23000 399248 90698 493820 80540 
23000 399248 90698 493820 80540 
23000 399248 90698 493820 80540 
23000 399248 90698 493820 80540 
23000 399248 90698 493820 80540 
23000 399248 90698 493820 80540 
24000 424107 93718 573246 82393 
24000 424107 93718 573246 82393 
24000 424107 93718 573246 82393 
24000 424107 93718 573246 82393 
24000 424107 93718 573246 82393 
24000 424107 93718 573246 82393 
24000 424107 93718 573246 82393 
24000 424107 93718 573246 82393 
24000 424107 93718 573246 82393 
24000 424107 93718 573246 82393 
25000 459839 97687 612441 85914 
25000 459839 97687 612441 85914 
25000 459839 97687 612441 85914 
25000 459839 97687 612441 85914 
25000 459839 97687 612441 85914 
25000 459839 97687 612441 85914 
25000 459839 97687 612441 85914 
25000 459839 97687 612441 85914 
25000 459839 97687 612441 85914 
25000 459839 97687 612441 85914 
26000 441067 103489 606699 89972 
26000 441067 103489 606699 89972 
26000 441067 103489 606699 89972 
26000 441067 103489 591163 91492 
26000 430825 104014 591163 91492 
26000 430825 104014 591163 91492 
26000 430825 104014 591163 91492 
26000 430825 104014 591163 91492 
26000 430825 104014 591163 91492 
26000 430825 104014 591163 91492 
27000 497056 106133 611955 94926 
27000 497056 106133 611955 94926 
27000 497056 106133 611955 94926 
27000 497056 106133 611955 94926 
27000 497056 106133 611955 94926 
27000 497056 106133 611955 94926 
27000 497056 106133 611955 94926 
27000 497056 106133 611955 94926 
27000 497056 106133 611955 94926 
27000 497056 106133 611955 94926 
28000 499340 111108 648261 99671 
28000 499340 111108 648261 99671 
28000 499340 111108 648261 99671 
28000 499340 111108 648261 99671 
28000 499340 111108 648261 99671 
28000 499340 111108 648261 99671 
28000 499340 111108 648261 99671 
28000 499340 111108 648261 99671 
28000 499340 111108 648261 99671 
28000 499340 111108 648261 99671 
29000 498176 117184 691655 101527 
29000 498176 117184 691655 101527 
29000 498176 117184 691655 101527 
29000 498176 117184 691655 101527 
29000 498176 117184 691655 101527 
29000 498176 117184 691655 101527 
29000 498176 117184 691655 101527 
29000 498176 117184 691655 101527 
29000 498176 117184 691655 101527 
29000 498176 117184 691655 101527 
30000 526335 120021 731143 106189 
30000 526335 120021 731143 106189 
30000 526335 120021 731143 106189 
30000 526335 120021 731143 106189 
30000 526335 120021 731143 106189 
30000 526335 120021 731143 106189 
30000 526335 120021 731143 106189 
30000 526335 120021 731143 106189 
30000 526335 120021 731143 106189 
30000 526335 120021 731143 106189 
31000 554175 123828 748679 109268 
31000 554175 123828 748679 109268 
31000 554175 123828 748679 109268 
31000 554175 123828 748679 109268 
31000 554175 123828 748679 109268 
31000 554175 123828 724586 110434 
31000 525517 125200 724586 110434 
31000 525517 125200 724586 110434 
31000 525517 125200 724586 110434 
31000 525517 125200 724586 110434 
32000 607673 127832 720678 115496 
32000 607673 127832 720678 115496 
32000 607673 127832 720678 115496 
32000 607673 127832 720678 115496 
32000 607673 127832 720678 115496 
32000 607673 127832 720678 115496 
32000 607673 127832 720678 115496 
32000 607673 127832 720678 115496 
32000 607673 127832 720678 115496 
32000 607673 127832 720678 115496 
33000 582180 133559 773600 118339 
33000 582180 133559 773600 118339 
33000 582180 133559 773600 118339 
33000 582180 133559 773600 118339 
33000 582180 133559 773600 118339 
33000 582180 133559 773600 118339 
33000 582180 133559 773600 118339 
33000 582180 133559 773600 118339 
33000 582180 133559 773600 118339 
33000 582180 133559 773600 118339 
34000 604018 138223 811409 121866 
34000 604018 138223 811409 121866 
34000 604018 138223 811409 121866 
34000 604018 138223 811409 121866 
34000 604018 138223 811409 121866 
34000 604018 138223 811409 121866 
34000 604018 138223 811409 121866 
34000 604018 138223 811409 121866 
34000 604018 138223 811409 121866 
34000 604018 138223 811409 121866 
35000 613993 142620 820278 126201 
35000 613993 142620 820278 126201 
35000 613993 142620 820278 126201 
35000 613993 142620 820278 126201 
35000 613993 142620 820278 126201 
35000 613993 142620 820278 126201 
35000 613993 142620 820278 126201 
35000 613993 142620 820278 126201 
35000 613993 142620 820278 126201 
35000 613993 142620 820278 126201 
36000 666038 145726 853996 129495 
36000 666038 145726 853996 129495 
36000 666038 145726 835978 130729 
36000 690508 144690 835978 130729 
36000 690508 144690 835978 130729 
36000 690508 144690 835978 130729 
36000 690508 144690 835978 130729 
36000 690508 144690 835978 130729 
36000 690508 144690 835978 130729 
36000 690508 144690 835978 130729 
37000 680599 150580 870101 134290 
37000 680599 150580 870101 134290 
37000 680599 150580 870101 134290 
37000 680599 150580 870101 134290 
37000 680599 150580 870101 134290 
37000 680599 150580 870101 134290 
37000 680599 150580 870101 134290 
37000 680599 150580 870101 134290 
37000 680599 150580 870101 134290 
37000 680599 150580 870101 134290 
38000 737513 154115 892292 138597 
38000 737513 154115 892292 138597 
38000 737513 154115 892292 138597 
38000 737513 154115 892292 138597 
38000 737513 154115 892292 138597 
38000 737513 154115 892292 138597 
38000 737513 154115 892292 138597 
38000 737513 154115 892292 138597 
38000 737513 154115 892292 138597 
38000 737513 154115 892292 138597 
39000 718951 159453 925186 141348 
39000 718951 159453 925186 141348 
39000 718951 159453 925186 141348 
39000 718951 159453 925186 141348 
39000 718951 159453 925186 141348 
39000 718951 159453 925186 141348 
39000 718951 159453 925186 141348 
39000 718951 159453 925186 141348 
39000 718951 159453 925186 141348 
39000 718951 159453 925186 141348 
40000 706655 165881 955503 146020 
40000 706655 165881 955503 146020 
40000 706655 165881 955503 146020 
40000 706655 165881 955503 146020 
40000 706655 165881 955503 146020 
40000 706655 165881 976887 146246 
40000 720991 164769 976887 146246 
40000 720991 164769 976887 146246 
40000 720991 164769 976887 146246 
40000 720991 164769 976887 146246 
41000 744519 168876 979704 150540 
41000 744519 168876 979704 150540 
41000 744519 168876 979704 150540 
41000 744519 168876 979704 150540 
41000 744519 168876 979704 150540 
41000 744519 168876 979704 150540 
41000 744519 168876 979704 150540 
41000 744519 168876 979704 150540 
41000 744519 168876 979704 150540 
41000 744519 168876 979704 150540 
42000 747226 173397 1057408 150933 
42000 747226 173397 1057408 150933 
42000 747226 173397 1057408 150933 
42000 747226 173397 1057408 150933 
42000 747226 173397 1057408 150933 
42000 747226 173397 1057408 150933 
42000 747226 173397 1057408 150933 
42000 747226 173397 1057408 150933 
42000 747226 173397 1057408 150933 
42000 747226 173397 1057408 150933 
43000 800404 178031 1022184 158658 
43000 800404 178031 1022184 158658 
43000 800404 178031 1022184 158658 
43000 800404 178031 1022184 158658 
43000 800404 178031 1022184 158658 
43000 800404 178031 1022184 158658 
43000 800404 178031 1022184 158658 
43000 800404 178031 1022184 158658 
43000 800404 178031 1022184 158658 
43000 800404 178031 1022184 158658 
44000 838461 180967 1045850 162762 
44000 838461 180967 1045850 162762 
44000 838461 180967 1045850 162762 
44000 838461 180967 1045850 162762 
44000 838461 180967 1045850 162762 
44000 796982 182611 1048270 162240 
44000 796982 182611 1048270 162240 
44000 796982 182611 1048270 162240 
44000 796982 182611 1048270 162240 
44000 796982 182611 1048270 162240 
45000 853239 185621 1060123 167162 
45000 853239 185621 1060123 167162 
45000 853239 185621 1060123 167162 
45000 853239 185621 1060123 167162 
45000 853239 185621 1060123 167162 
45000 853239 185621 1060123 167162 
45000 853239 185621 1060123 167162 
45000 853239 185621 1060123 167162 
45000 853239 185621 1060123 167162 
45000 853239 185621 1060123 167162 
46000 869118 190894 1200024 168326 
46000 869118 190894 1200024 168326 
46000 869118 190894 1200024 168326 
46000 869118 190894 1200024 168326 
46000 869118 190894 1200024 168326 
46000 869118 190894 1200024 168326 
46000 869118 190894 1200024 168326 
46000 869118 190894 1200024 168326 
46000 869118 190894 1200024 168326 
46000 869118 190894 1200024 168326 
47000 868703 195314 1268760 170500 
47000 868703 195314 1268760 170500 
47000 868703 195314 1268760 170500 
47000 868703 195314 1268760 170500 
47000 868703 195314 1268760 170500 
47000 868703 195314 1268760 170500 
47000 868703 195314 1268760 170500 
47000 868703 195314 1268760 170500 
47000 868703 195314 1268760 170500 
47000 868703 195314 1268760 170500 
48000 882433 199497 1124889 179175 
48000 882433 199497 1138425 180166 
48000 899343 200269 1138425 180166 
48000 899343 200269 1138425 180166 
48000 899343 200269 1138425 180166 
48000 899343 200269 1138425 180166 
48000 899343 200269 1138425 180166 
48000 899343 200269 1138425 180166 
48000 899343 200269 1138425 180166 
48000 899343 200269 1138425 180166 
49000 936796 203753 1195119 180381 
49000 936796 203753 1195119 180381 
49000 936796 203753 1195119 180381 
49000 936796 203753 1195119 180381 
49000 936796 203753 1195119 180381 
49000 936796 203753 1195119 180381 
49000 936796 203753 1195119 180381 
49000 936796 203753 1195119 180381 
49000 936796 203753 1195119 180381 
49000 936796 203753 1195119 180381 
50000 910928 210155 1248642 184764 
50000 910928 210155 1248642 184764 
50000 910928 210155 1248642 184764 
50000 910928 210155 1248642 184764 
50000 910928 210155 1248642 184764 
50000 910928 210155 1248642 184764 
50000 910928 210155 1248642 184764 
50000 910928 210155 1248642 184764 
50000 910928 210155 1248642 184764 
50000 910928 210155 1248642 184764 
