1000 11204 6972 16082 2412 11.204 6.972 16.082 2.412
2000 22427 11909 33411 5341 11.2135 5.9545 16.7055 2.6705
3000 36840 21601 54356 8317 12.28 7.20033 18.1187 2.77233
4000 53909 29681 73179 11479 13.4772 7.42025 18.2948 2.86975
5000 65101 36484 90697 15120 13.0202 7.2968 18.1394 3.024
6000 86458 47790 112667 18122 14.4097 7.965 18.7778 3.02033
7000 102909 55178 140340 21423 14.7013 7.88257 20.0486 3.06043
8000 116461 61596 156571 25006 14.5576 7.6995 19.5714 3.12575
9000 127052 73482 182433 28450 14.1169 8.16467 20.2703 3.16111
10000 150747 78305 197917 31982 15.0747 7.8305 19.7917 3.1982
11000 167147 89947 230985 35429 15.1952 8.177 20.9986 3.22082
12000 181729 103367 254996 39012 15.1441 8.61392 21.2497 3.251
13000 208496 100146 287786 42197 16.0382 7.70354 22.1374 3.24592
14000 229808 127361 308531 45824 16.4149 9.09721 22.0379 3.27314
15000 225185 120169 325158 49658 15.0123 8.01127 21.6772 3.31053
16000 261746 128435 355242 53067 16.3591 8.02719 22.2026 3.31669
17000 271504 153400 381912 56800 15.9708 9.02353 22.4654 3.34118
18000 304115 169697 388046 60930 16.8953 9.42761 21.5581 3.385
19000 309946 177674 417644 64617 16.3129 9.35126 21.9813 3.40089
20000 319517 180114 436796 68602 15.9758 9.0057 21.8398 3.4301
21000 345542 206088 494314 71995 16.4544 9.81371 23.5388 3.42833
22000 367040 194386 502946 75164 16.6836 8.83573 22.8612 3.41655
23000 411585 207042 535251 78632 17.895 9.00183 23.2718 3.41878
24000 427396 230934 511794 84358 17.8082 9.62225 21.3248 3.51492
25000 400147 223900 571403 87130 16.0059 8.956 22.8561 3.4852
26000 441853 233157 603365 90669 16.9943 8.96758 23.2063 3.48727
27000 447186 244081 663777 93282 16.5624 9.04004 24.5843 3.45489
28000 469134 272221 647106 98784 16.7548 9.72218 23.1109 3.528
29000 482029 254366 654503 103161 16.6217 8.77124 22.5691 3.55728
30000 504672 294862 716710 106738 16.8224 9.82873 23.8903 3.55793
31000 554866 316863 770026 108667 17.8989 10.2214 24.8395 3.50539
32000 566836 315990 730455 114708 17.7136 9.87469 22.8267 3.58462
33000 582532 325419 798322 117639 17.6525 9.86118 24.1916 3.56482
34000 621902 298370 813293 122349 18.2912 8.77559 23.9204 3.5985
35000 631567 354510 839739 125380 18.0448 10.1289 23.9925 3.58229
36000 626047 339619 844184 130105 17.3902 9.43386 23.4496 3.61403
37000 636377 358288 867056 134452 17.1994 9.68346 23.4339 3.63384
38000 684090 383690 978501 136784 18.0024 10.0971 25.75 3.59958
39000 735647 336758 956907 139886 18.8627 8.63482 24.5361 3.58682
40000 703107 381424 987490 144432 17.5777 9.5356 24.6872 3.6108
41000 714510 394139 1020681 149051 17.4271 9.61315 24.8947 3.63539
42000 725030 416842 992072 154061 17.2626 9.92481 23.6208 3.66812
43000 865961 464509 1010388 158450 20.1386 10.8025 23.4974 3.68488
44000 788916 456833 1063929 161261 17.9299 10.3826 24.1802 3.66502
45000 826275 451340 1066929 166417 18.3617 10.0298 23.7095 3.69816
46000 812637 426241 1097482 170048 17.666 9.26611 23.8583 3.6967
47000 857432 469315 1162717 174976 18.2432 9.98543 24.7387 3.72289
48000 856470 475881 1190182 176678 17.8431 9.91419 24.7955 3.68079
49000 854280 463448 1199993 181250 17.4343 9.45812 24.4897 3.69898
50000 917218 518026 1340247 183617 18.3444 10.3605 26.8049 3.67234
