1000 10716.5 6144.38 15579.6 2415.32 10.7165 6.14438 15.5796 2.41532
2000 23959.8 13577.6 34045.7 5297.04 11.9799 6.78883 17.0228 2.64852
3000 38293.1 21529.9 54065.8 8355.12 12.7644 7.17665 18.0219 2.78504
4000 53284.5 29784.3 74917.2 11495.4 13.3211 7.44608 18.7293 2.87385
5000 69688.6 38530.2 96027.4 14743 13.9377 7.70604 19.2055 2.94861
6000 84880 47419.7 117745 18089 14.1467 7.90329 19.6242 3.01483
7000 101424 55523.1 139838 21444.5 14.4891 7.93187 19.9769 3.06351
8000 117669 64668.1 162235 24870.9 14.7086 8.08351 20.2794 3.10886
9000 135651 75110.3 185020 28297.9 15.0723 8.34559 20.5578 3.14422
10000 152884 85004.6 208267 31810.4 15.2884 8.50046 20.8267 3.18104
11000 169531 93655 232823 35301.3 15.4119 8.51409 21.1657 3.20921
12000 187239 102297 254097 38920.7 15.6032 8.52474 21.1748 3.24339
13000 204575 111879 279539 42447.4 15.7365 8.6061 21.503 3.26519
14000 223660 123671 301125 46174.7 15.9757 8.83362 21.5089 3.2982
15000 239177 132147 328053 49690.4 15.9451 8.80982 21.8702 3.3127
16000 259292 141978 348987 53453.9 16.2058 8.87361 21.8117 3.34087
17000 275954 151930 376665 56969.9 16.2326 8.93708 22.1568 3.35117
18000 296026 162340 398422 60781.5 16.4459 9.01889 22.1345 3.37675
19000 313860 173146 423841 64436.2 16.5189 9.11297 22.3074 3.39138
20000 330546 181300 446955 68297.9 16.5273 9.06499 22.3478 3.41489
21000 353501 195073 474352 71924.9 16.8334 9.2892 22.5882 3.425
22000 367623 199671 495783 75749.3 16.7101 9.07594 22.5356 3.44315
23000 385982 212291 524016 79545.8 16.7818 9.23005 22.7833 3.45851
24000 408099 222801 548351 83271.6 17.0041 9.28337 22.8479 3.46965
25000 425612 231441 574588 87120.1 17.0245 9.25766 22.9835 3.4848
26000 444726 242904 598464 91042 17.1049 9.34247 23.0178 3.50162
27000 463679 251992 625286 94802.6 17.1733 9.33302 23.1587 3.51121
28000 480791 263689 648352 98753 17.1711 9.41745 23.1554 3.52689
29000 500476 271602 675049 102570 17.2578 9.36557 23.2775 3.53689
30000 524444 287792 696158 106514 17.4815 9.59307 23.2053 3.55046
31000 541984 295831 723749 110349 17.4834 9.54294 23.3468 3.55966
32000 558793 303013 754180 114159 17.4623 9.46916 23.5681 3.56746
33000 581069 315017 776424 118087 17.6081 9.54596 23.528 3.57839
34000 600812 329047 804335 121882 17.671 9.67785 23.6569 3.58477
35000 620362 337536 828477 125924 17.7246 9.64389 23.6708 3.59782
36000 642758 350772 853662 129889 17.8544 9.74367 23.7128 3.60804
37000 660958 360241 880084 133752 17.8637 9.73625 23.786 3.61491
38000 676927 366569 911169 137554 17.8139 9.64654 23.9781 3.61984
39000 699925 377218 929078 141863 17.9468 9.67226 23.8225 3.63751
40000 717287 391853 964589 145547 17.9322 9.79634 24.1147 3.63868
41000 736520 399147 986491 149637 17.9639 9.7353 24.0608 3.64967
42000 757705 411262 1.01028e+06 153769 18.0406 9.79194 24.0544 3.66117
43000 781599 426170 1.04016e+06 157638 18.1767 9.91093 24.1898 3.666
44000 802958 435500 1.0659e+06 161705 18.249 9.89773 24.2249 3.67511
45000 815460 445268 1.0926e+06 165777 18.1213 9.89483 24.28 3.68393
46000 834621 452417 1.11773e+06 169693 18.1439 9.83516 24.2985 3.68899
47000 856826 467265 1.14149e+06 173683 18.2303 9.9418 24.287 3.69539
48000 885136 480881 1.17354e+06 177808 18.4403 10.0184 24.4487 3.70433
49000 897248 486779 1.20015e+06 181819 18.3112 9.93426 24.4928 3.7106
50000 931838 502819 1.22794e+06 185868 18.6368 10.0564 24.5589 3.71736
