1000 10404.5 5978.6 15501.8 2427.6 10.4045 5.9786 15.5018 2.4276
2000 23625.4 13749.9 34602.7 5263 11.8127 6.87495 17.3013 2.6315
3000 38971.9 21998.2 54583.5 8310.9 12.9906 7.33273 18.1945 2.7703
4000 54683.7 28810.6 75163.7 11519.7 13.6709 7.20265 18.7909 2.87993
5000 69946.6 39244.4 95877.5 14783.7 13.9893 7.84888 19.1755 2.95674
6000 83992.7 45842.4 117426 18046.8 13.9988 7.6404 19.571 3.0078
7000 101081 55034.4 140430 21351.6 14.4401 7.86206 20.0615 3.05023
8000 123538 66901.6 161271 24913.1 15.4422 8.3627 20.1589 3.11414
9000 135493 74660.5 188960 28242.7 15.0548 8.29561 20.9956 3.13808
10000 151036 85590.3 209205 31818.2 15.1036 8.55903 20.9205 3.18182
11000 170546 93294.4 231877 35368.3 15.5042 8.48131 21.0797 3.2153
12000 192444 104774 254999 38758.4 16.037 8.73118 21.2499 3.22987
13000 204039 110092 278318 42503 15.6953 8.46865 21.4091 3.26946
14000 224685 127329 303847 46145.3 16.049 9.09491 21.7034 3.29609
15000 242690 137327 325571 49739.2 16.1793 9.15513 21.7047 3.31595
16000 256486 138641 357570 53084.1 16.0304 8.66506 22.3481 3.31776
17000 276340 151138 377442 56827.8 16.2553 8.89044 22.2025 3.34281
18000 293962 165250 401014 60734.8 16.3312 9.18054 22.2786 3.37416
19000 312012 178484 437494 63987.8 16.4217 9.3939 23.026 3.36778
20000 327624 183038 450782 68178.7 16.3812 9.15191 22.5391 3.40894
21000 345659 191552 475982 71878.5 16.46 9.12152 22.6658 3.42279
22000 371777 205069 499521 75545.4 16.899 9.32133 22.7055 3.43388
23000 385349 208857 516649 79763.2 16.7543 9.08072 22.463 3.46797
24000 406470 228642 543936 83244.1 16.9362 9.52675 22.664 3.4685
25000 439556 232459 573172 87122.2 17.5822 9.29835 22.9269 3.48489
26000 448988 241582 594774 91089.5 17.2688 9.2916 22.8759 3.50344
27000 469920 256895 636746 94278.5 17.4044 9.51462 23.5832 3.4918
28000 484455 264671 648338 98670.4 17.3019 9.45253 23.1549 3.52394
29000 508757 280297 686841 102361 17.5434 9.66542 23.6842 3.52969
30000 534054 295753 692877 106530 17.8018 9.85842 23.0959 3.55099
31000 542194 291509 722198 110239 17.4901 9.40353 23.2967 3.55609
32000 549031 299622 759062 113907 17.1572 9.36319 23.7207 3.55958
33000 574132 317488 782982 118012 17.3979 9.62085 23.7267 3.57611
34000 617046 343676 803133 121832 18.1484 10.1081 23.6216 3.58328
35000 621811 339925 835970 125660 17.766 9.71215 23.8849 3.59028
36000 637812 338600 857220 129688 17.717 9.40556 23.8117 3.60244
37000 667622 364267 884777 133904 18.0438 9.84504 23.9129 3.61904
38000 692059 370599 916779 137398 18.2121 9.75261 24.1258 3.61573
39000 697381 381153 937395 141568 17.8816 9.77314 24.0358 3.62996
40000 717754 399408 966987 145767 17.9438 9.98519 24.1747 3.64417
41000 733048 411558 969084 150065 17.8792 10.038 23.6362 3.66013
42000 748199 407740 1.00486e+06 153698 17.8143 9.70809 23.9253 3.65948
43000 771929 421817 1.05665e+06 157126 17.9518 9.8097 24.5734 3.6541
44000 804963 437985 1.06246e+06 161573 18.2946 9.95421 24.1468 3.67211
45000 830176 457273 1.10138e+06 165387 18.4484 10.1616 24.4752 3.67526
46000 844693 474311 1.12008e+06 169340 18.3629 10.3111 24.3495 3.6813
47000 864213 465943 1.13263e+06 173803 18.3875 9.91369 24.0984 3.69794
48000 888417 462400 1.16331e+06 178038 18.5087 9.63334 24.2356 3.70912
49000 900971 496505 1202822 182083 18.3872 10.1328 24.5474 3.71598
50000 927763 508107 1.2348e+06 185606 18.5553 10.1621 24.696 3.71211
