1000 11308 5810 15594 2416 
1000 10884 6898 14653 2506 
1000 10506 6055 16531 2425 
1000 10134 5191 16170 2399 
1000 10200 6068 14802 2481 
1000 10554 6228 14366 2426 
1000 10431 5806 15761 2398 
1000 9414 5863 16241 2367 
1000 10407 5844 14758 2476 
1000 10207 6023 16142 2382 
2000 22912 13515 34169 5294 
2000 24657 14498 36609 5259 
2000 25686 15294 34723 5279 
2000 22845 13515 32257 5336 
2000 22158 12790 35274 5261 
2000 22980 13883 36238 5232 
2000 23603 14125 33926 5237 
2000 22868 13186 32477 5323 
2000 24016 12350 35151 5206 
2000 24529 14343 35203 5203 
3000 40313 23075 53282 8362 
3000 36649 20116 55928 8298 
3000 36198 18814 54646 8366 
3000 40859 19384 56894 8246 
3000 38428 23456 54839 8270 
3000 36425 20894 50941 8410 
3000 40364 20229 57410 8244 
3000 40253 25915 54801 8345 
3000 37184 21140 55386 8241 
3000 43046 26959 51708 8327 
4000 50652 26288 73004 11518 
4000 62547 30925 76385 11443 
4000 51955 28300 74589 11556 
4000 52810 30671 72449 11661 
4000 60831 30088 81598 11470 
4000 52436 29797 76199 11405 
4000 56782 25524 74052 11648 
4000 53344 29438 76549 11565 
4000 52063 28786 72882 11531 
4000 53417 28289 73930 11400 
5000 75907 38782 93913 14884 
5000 66262 35558 94913 14748 
5000 70929 39241 95760 14883 
5000 73252 39114 100754 14602 
5000 67744 40109 94405 14757 
5000 69791 41947 95767 14661 
5000 65618 34366 100288 14701 
5000 69537 42478 95921 14883 
5000 68250 41115 97354 14615 
5000 72176 39734 89700 15103 
6000 82735 47987 119031 18033 
6000 86123 45215 119345 18042 
6000 88347 45487 116433 18039 
6000 89701 41982 112594 18393 
6000 80992 45349 116186 18026 
6000 80384 46383 120008 17999 
6000 82547 45029 118801 17757 
6000 85627 47005 118233 18106 
6000 82768 46162 116060 18058 
6000 80703 47825 117571 18015 
7000 100640 52931 145040 21153 
7000 107000 63757 139767 21218 
7000 102204 52229 142127 21358 
7000 107254 54155 134240 21631 
7000 101563 57381 144558 21200 
7000 100221 53483 133876 21497 
7000 96256 51494 142500 21045 
7000 98771 53348 140183 21371 
7000 98343 54278 145763 21611 
7000 98555 57288 136249 21432 
8000 120748 66124 161707 24865 
8000 109914 59870 162093 24779 
8000 148126 87051 158556 25089 
8000 122796 76794 158353 25053 
8000 122088 61315 169754 24531 
8000 123797 73376 161974 24866 
8000 120632 61824 161532 24849 
8000 116085 59822 158225 25060 
8000 133052 64841 156593 25138 
8000 118137 57999 163925 24901 
9000 141074 75225 185662 28446 
9000 134327 75725 189725 28110 
9000 145008 81544 192340 28132 
9000 134383 82732 181202 28545 
9000 129086 73321 185454 28195 
9000 135597 71755 184925 28260 
9000 136717 75893 192320 28336 
9000 131262 68844 192289 28172 
9000 133541 68165 189581 28242 
9000 133939 73401 196107 27989 
10000 141654 75771 220646 31774 
10000 146127 79805 212737 31702 
10000 145323 78470 211660 31948 
10000 158051 80293 205384 31821 
10000 146255 83171 207763 31746 
10000 151700 91724 204464 32151 
10000 152666 84918 213921 31305 
10000 152473 87623 198611 32094 
10000 152205 92051 206618 31803 
10000 163902 102077 210245 31838 
11000 169649 93186 231007 35377 
11000 179879 92120 227129 35551 
11000 165022 89239 233183 35117 
11000 167878 92917 226931 35549 
11000 180017 99012 225902 35386 
11000 176630 102570 228787 35488 
11000 165161 90957 240400 35283 
11000 171949 93361 244321 35375 
11000 166171 94721 232324 34893 
11000 163109 84861 228782 35664 
12000 196063 95613 254139 38592 
12000 195921 118213 254378 38759 
12000 184530 95464 258168 38823 
12000 197831 109034 255931 38632 
12000 205705 108223 249671 38958 
12000 201947 122431 259931 38545 
12000 180974 97309 258474 38363 
12000 193436 99045 249106 39138 
12000 189243 107137 256997 38753 
12000 178788 95273 253193 39021 
13000 198189 100973 291462 42254 
13000 214258 125081 272189 42728 
13000 206239 111073 280740 42595 
13000 193793 102889 284576 42637 
13000 201488 121814 266776 42647 
13000 214320 110796 277850 42263 
13000 210355 101798 277244 42160 
13000 206224 113246 277497 42816 
13000 201532 104592 276763 42592 
13000 193993 108662 278088 42338 
14000 217639 123147 320411 45823 
14000 234993 136753 312787 45753 
14000 218259 128616 308082 45955 
14000 259929 168384 304824 46060 
14000 219776 115299 286815 46542 
14000 213408 107635 312052 46140 
14000 217827 117293 305294 46019 
14000 218456 121484 297280 45938 
14000 224889 124490 301241 46566 
14000 221678 130187 289687 46657 
15000 258939 156437 320196 49758 
15000 237780 131423 333053 49390 
15000 240003 129001 324955 49565 
15000 234120 133982 312281 50359 
15000 254574 139541 319970 50158 
15000 234711 139200 314027 50327 
15000 259153 146955 334904 49533 
15000 243112 138224 327557 49320 
15000 240432 134674 353709 49087 
15000 224073 123832 315055 49895 
16000 250312 131241 352521 53169 
16000 261096 140660 348474 53465 
16000 252013 133534 366280 53167 
16000 263694 142232 345801 53556 
16000 247175 137178 346578 53219 
16000 241534 143080 363736 52615 
16000 268181 151606 352270 53114 
16000 261713 121036 341735 53682 
16000 252349 138445 390443 51967 
16000 266791 147397 367857 52887 
17000 291014 158507 393885 56443 
17000 273275 146536 398268 56031 
17000 273566 142351 383275 56684 
17000 262037 148449 369605 57344 
17000 261147 144109 369556 56874 
17000 275117 143746 377998 57172 
17000 274624 146353 361459 57617 
17000 312081 186933 372048 56776 
17000 266636 144364 366223 57076 
17000 273900 150027 382101 56261 
18000 292483 155630 397712 60904 
18000 300257 165087 391670 60736 
18000 287196 175718 396045 60742 
18000 282449 161182 402670 60925 
18000 289469 159280 391564 61326 
18000 306054 190844 397164 60610 
18000 295450 151154 402874 60852 
18000 294115 164172 403216 60766 
18000 287475 171413 409720 60552 
18000 304670 158017 417507 59935 
19000 303903 179514 454834 63391 
19000 300206 167791 429982 64080 
19000 297361 171188 423858 63886 
19000 307754 171098 426344 64448 
19000 310301 169231 441413 63914 
19000 312445 187004 442036 63842 
19000 315386 174047 412951 65000 
19000 328301 198367 483081 62817 
19000 327793 192951 439926 63811 
19000 316672 173650 420513 64689 
20000 326747 168168 447251 68413 
20000 346474 192217 437505 68061 
20000 331519 172584 437095 68672 
20000 327538 189664 461313 67738 
20000 325560 178040 461107 68478 
20000 323119 192576 446077 68069 
20000 326329 181115 451138 68410 
20000 324675 193290 457630 68138 
20000 317435 178703 451395 68516 
20000 326849 184026 457308 67292 
21000 337411 172006 468157 71999 
21000 356997 187134 495211 71289 
21000 347197 199607 472016 71634 
21000 342136 189027 453460 72874 
21000 338364 182724 460183 72310 
21000 352065 211966 492667 71467 
21000 357627 210809 460700 72295 
21000 344702 183426 471340 71871 
21000 342933 194834 468946 72675 
21000 337158 183987 517144 70371 
22000 397587 213921 485221 75488 
22000 367089 204172 501251 75441 
22000 360033 193037 493403 75377 
22000 391262 199181 499537 75492 
22000 371737 211672 491073 75984 
22000 341270 192964 514851 74885 
22000 374552 209087 501016 75968 
22000 377515 206122 503691 75331 
22000 380316 233787 495148 75795 
22000 356411 186749 510018 75693 
23000 402677 201107 506545 80537 
23000 399484 231732 510250 79659 
23000 378562 207478 510585 79987 
23000 376190 208162 536158 79147 
23000 385681 215883 506808 80188 
23000 371518 204085 520398 80039 
23000 385026 228858 509234 79749 
23000 373393 193447 511688 79730 
23000 381103 203395 514093 80086 
23000 399854 194419 540732 78510 
24000 387787 222061 531131 83418 
24000 415674 245383 534575 83546 
24000 405410 215421 558523 82782 
24000 408187 221341 550465 83213 
24000 413985 231982 545230 83183 
24000 411513 214622 532721 83994 
24000 400095 217966 528394 83434 
24000 404341 237674 549199 83254 
24000 407437 237641 547068 83498 
24000 410269 242330 562054 82119 
25000 416038 210613 576429 87646 
25000 414487 222451 589159 86096 
25000 492126 254490 568628 87682 
25000 469933 244518 587801 87235 
25000 427887 259964 550736 86922 
25000 419977 215156 563395 87731 
25000 433483 229699 593456 85920 
25000 440845 228795 563863 87298 
25000 409516 222571 565377 87523 
25000 471263 236330 572881 87169 
26000 476715 239225 590829 91318 
26000 425877 219535 609705 90387 
26000 469136 252123 578390 91411 
26000 438520 232816 626741 90969 
26000 433195 251484 577818 91543 
26000 436096 241547 590321 90814 
26000 456890 233643 592938 90747 
26000 426026 234542 581668 91344 
26000 477792 259545 610704 91329 
26000 449635 251355 588628 91033 
27000 445307 236271 622856 94855 
27000 457169 247232 629525 94476 
27000 469186 255444 646760 93098 
27000 472142 248698 687998 93832 
27000 495664 253091 637045 94703 
27000 446948 265777 629788 94462 
27000 524831 292182 652258 93099 
27000 462719 255632 615100 94749 
27000 466821 268304 628479 94726 
27000 458410 246317 617649 94785 
28000 474529 260136 625628 98758 
28000 479412 255809 675613 98058 
28000 476235 276623 689201 97227 
28000 482759 246291 628071 99290 
28000 491870 249920 664414 97750 
28000 497024 266565 638032 99212 
28000 480709 281143 659835 98506 
28000 485155 272957 620501 99360 
28000 480103 269755 627267 99829 
28000 496750 267509 654814 98714 
29000 508767 290283 695294 101981 
29000 523414 319618 695982 101702 
29000 490561 262231 675958 102067 
29000 488068 263788 667493 102791 
29000 476859 253373 710327 102003 
29000 541186 312031 692028 102771 
29000 515873 268318 691664 102140 
29000 488659 257022 665799 103242 
29000 527654 309091 700638 102020 
29000 526533 267218 673224 102894 
30000 523549 260735 704964 106288 
30000 515611 286118 677861 107155 
30000 516822 276197 680723 106846 
30000 615322 370051 670026 106909 
30000 573333 312780 705123 105382 
30000 540783 293537 739446 106072 
30000 525569 284560 701704 105972 
30000 513439 304960 687976 106629 
30000 493658 283044 692708 106135 
30000 522449 285545 668243 107909 
31000 571126 343638 716131 110529 
31000 566264 292819 758266 109451 
31000 535493 286845 741336 108578 
31000 536840 295745 704768 110681 
31000 529238 279392 716878 110424 
31000 532979 283713 726405 110266 
31000 568312 281544 694728 111146 
31000 515772 272452 714141 110062 
31000 524643 289229 745241 109938 
31000 541271 289717 704087 111313 
32000 629740 323724 720000 114656 
32000 531139 285250 774187 112867 
32000 549021 284894 734170 114153 
32000 541181 302754 770888 112970 
32000 572847 307540 800375 112842 
32000 524097 298374 810293 114342 
32000 534298 312235 779841 113323 
32000 533497 303742 757529 113171 
32000 543722 300977 715966 115883 
32000 530770 276731 727374 114859 
33000 605683 377849 789364 118371 
33000 558940 306610 766258 118705 
33000 571522 329519 763249 118334 
33000 600553 336843 819917 117497 
33000 568766 300758 750976 120001 
33000 554127 299795 802603 116261 
33000 563067 294053 793621 117146 
33000 568510 323591 772027 117951 
33000 566254 312001 787886 118210 
33000 583898 293860 783923 117640 
34000 611752 347007 799277 121898 
34000 612925 316603 792725 121955 
34000 607102 314440 778222 122514 
34000 590158 336677 873452 119457 
34000 596467 296305 793235 122055 
34000 584228 342122 772822 122983 
34000 619595 341550 828615 120955 
34000 625427 341373 804242 122046 
34000 677359 426522 776773 122909 
34000 645452 374164 811965 121543 
35000 644500 331231 795482 127401 
35000 629515 360401 813011 125740 
35000 598934 310244 815745 126568 
35000 600474 329893 818869 126517 
35000 624456 363839 879407 124398 
35000 612074 337104 823902 125406 
35000 670774 381586 851313 124694 
35000 605727 353795 869073 124595 
35000 634809 313887 830175 126100 
35000 596851 317273 862724 125180 
36000 652694 347865 848520 129759 
36000 647333 374442 882302 129321 
36000 618384 315691 827667 130668 
36000 649716 329754 879191 128758 
36000 615982 331701 865003 129161 
36000 602025 324867 848530 129940 
36000 643663 327109 853157 130838 
36000 646209 346820 859703 129067 
36000 676357 352975 827020 130905 
36000 625755 334776 881103 128460 
37000 651862 347831 922367 132688 
37000 659027 363068 881570 134465 
37000 663476 353611 898193 133680 
37000 642115 321482 884473 133443 
37000 662633 389412 842831 134588 
37000 623493 350207 868912 134318 
37000 660303 354808 950309 132682 
37000 730342 378228 879587 134031 
37000 658962 345934 857460 134651 
37000 724007 438085 862071 134497 
38000 693804 374307 968216 135241 
38000 666628 352183 898167 137587 
38000 725604 370131 889503 138433 
38000 674077 355383 860781 139485 
38000 662583 363110 963886 137931 
38000 741110 417408 917527 137426 
38000 672960 361406 904960 136964 
38000 721573 340056 924683 136491 
38000 679233 385005 918474 136392 
38000 683022 387002 921590 138028 
39000 667467 347259 932008 141921 
39000 689711 383054 964373 141391 
39000 677093 377223 955312 141189 
39000 705281 398071 918364 141658 
39000 690738 366550 954070 141396 
39000 668088 348377 907768 142923 
39000 722928 398093 924456 142097 
39000 707185 376828 906759 141915 
39000 736030 415013 989665 139134 
39000 709288 401058 921176 142061 
40000 700211 370894 957543 145495 
40000 682122 380622 915474 146262 
40000 700556 415520 972590 145499 
40000 727545 397636 1010675 144602 
40000 739999 403331 908742 147339 
40000 713052 380426 986400 145464 
40000 747579 414712 936363 146370 
40000 708690 398044 1115154 143341 
40000 731366 421493 938321 146787 
40000 726416 411399 928612 146509 
41000 761373 412608 952066 150659 
41000 752649 464752 976576 150808 
41000 728561 375378 946038 150834 
41000 723763 416351 978708 148981 
41000 716630 382384 983186 150278 
41000 708502 375444 979652 149262 
41000 720909 423710 957283 151181 
41000 736226 409834 962472 149707 
41000 753212 423240 941564 150824 
41000 728657 431881 1013300 148120 
42000 724339 392759 1039550 151871 
42000 736660 398358 1051370 153442 
42000 820500 451915 966565 154461 
42000 716894 388182 1044084 152193 
42000 737372 395979 997046 153249 
42000 789629 408793 992232 154544 
42000 766418 419459 984261 153950 
42000 725959 375485 1004750 153604 
42000 732349 414997 1002787 154096 
42000 731866 431469 965994 155572 
43000 753028 428301 1054004 156662 
43000 777139 431302 1043440 156878 
43000 794407 461637 1037583 157097 
43000 779710 415181 1049050 156969 
43000 766829 422684 1056713 156646 
43000 766885 400042 1094850 157249 
43000 743951 418835 1063927 157570 
43000 756860 402445 1047210 158261 
43000 762182 396318 1021541 158295 
43000 818296 441424 1098229 155636 
44000 801190 457831 1082990 160229 
44000 789815 413678 1102975 160179 
44000 825048 420419 1058786 161480 
44000 779648 413856 1026905 163063 
44000 802321 490222 1060418 161947 
44000 783797 400066 1031099 163032 
44000 821641 427015 1061221 161939 
44000 811947 435220 1077066 161004 
44000 797792 436779 1078025 160567 
44000 836431 484768 1045092 162290 
45000 887119 560272 1096072 165143 
45000 905569 475983 1102528 164690 
45000 784644 452371 1081514 165360 
45000 818600 449296 1077951 165419 
45000 825751 422152 1141414 164483 
45000 824755 414490 1080625 165880 
45000 829163 451690 1074299 166273 
45000 810519 480646 1062455 165979 
45000 801857 431560 1100271 165804 
45000 813783 434271 1196707 164835 
46000 832081 442050 1096062 170196 
46000 860350 531239 1102749 169206 
46000 846679 476359 1120387 169416 
46000 828480 434279 1144049 167890 
46000 836394 460935 1138504 169239 
46000 814427 483781 1123096 169297 
46000 860733 456071 1132391 168456 
46000 898512 530616 1093933 170891 
46000 828526 441762 1152993 168349 
46000 840746 486021 1096587 170457 
47000 840737 475169 1161275 174106 
47000 907840 454379 1112291 174759 
47000 851519 447121 1121889 174448 
47000 872615 451451 1146613 172790 
47000 845583 452999 1156656 172432 
47000 884324 473782 1180073 172430 
47000 888329 475005 1128112 173251 
47000 832487 468595 1100868 175035 
47000 882756 509046 1117679 174156 
47000 835944 451887 1100798 174624 
48000 868066 461236 1144480 178848 
48000 861951 476477 1191667 176909 
48000 921309 470501 1117671 179011 
48000 917506 451454 1144750 179451 
48000 875452 449314 1252306 174641 
48000 844427 430652 1167354 178183 
48000 909643 445077 1143979 178256 
48000 866540 484827 1166835 179383 
48000 897184 455553 1150978 178357 
48000 922088 498911 1153067 177338 
49000 876813 467132 1196207 182852 
49000 884366 441994 1171841 182784 
49000 910048 450180 1167635 182807 
49000 911695 544064 1208740 181980 
49000 877973 477876 1221594 179838 
49000 885926 498074 1195529 182414 
49000 878316 492666 1238230 182447 
49000 928856 500982 1177902 182424 
49000 907803 510481 1215585 182366 
49000 947913 581605 1234957 180919 
50000 910727 484306 1239265 186280 
50000 901467 497849 1228205 185582 
50000 974120 533798 1254402 185075 
50000 889650 475110 1192891 186229 
50000 950525 518459 1299982 182743 
50000 944117 558177 1191937 186414 
50000 945198 466987 1279468 183911 
50000 882122 493458 1211375 186388 
50000 935875 520774 1208036 187311 
50000 943828 532155 1242421 186122 
