10 32 32 52 9 28 28 
10 30 30 57 11 24 24 
10 19 19 54 11 21 21 
10 24 24 55 8 30 30 
10 18 18 52 9 25 25 
10 17 17 56 10 26 26 
10 23 23 56 8 21 21 
10 22 22 52 11 20 20 
10 27 27 55 9 15 15 
10 11 11 53 7 28 28 
20 70 48 137 23 102 102 
20 64 48 153 18 82 82 
20 53 45 134 23 60 60 
20 50 41 138 20 83 83 
20 79 41 139 21 99 99 
20 82 52 127 23 98 98 
20 60 39 124 23 104 104 
20 51 41 129 23 82 82 
20 96 73 129 29 107 107 
20 66 40 137 23 84 84 
30 133 105 253 37 232 232 
30 129 86 220 44 267 267 
30 110 60 209 39 212 212 
30 109 82 220 41 242 242 
30 99 78 218 38 239 239 
30 109 66 235 35 203 203 
30 95 73 228 38 243 243 
30 134 96 242 40 177 177 
30 115 80 251 34 271 271 
30 125 95 218 42 237 237 
40 174 128 327 51 389 389 
40 198 118 305 58 408 408 
40 162 131 304 54 374 374 
40 255 183 330 53 370 370 
40 163 78 377 51 404 404 
40 168 120 379 51 402 402 
40 156 118 337 48 380 380 
40 210 163 345 53 412 412 
40 155 109 330 56 352 352 
40 179 139 330 57 245 245 
50 305 170 443 72 662 662 
50 243 123 420 72 696 696 
50 227 134 409 77 585 585 
50 222 158 466 62 608 608 
50 223 159 443 73 616 616 
50 277 174 468 70 652 652 
50 252 196 453 70 565 565 
50 232 162 407 71 538 538 
50 227 153 462 75 719 719 
50 236 169 419 80 739 739 
