1000 11204 6972 16082 2412 
2000 22427 11909 33411 5341 
3000 36840 21601 54356 8317 
4000 53909 29681 73179 11479 
5000 65101 36484 90697 15120 
6000 86458 47790 112667 18122 
7000 102909 55178 140340 21423 
8000 116461 61596 156571 25006 
9000 127052 73482 182433 28450 
10000 150747 78305 197917 31982 
11000 167147 89947 230985 35429 
12000 181729 103367 254996 39012 
13000 208496 100146 287786 42197 
14000 229808 127361 308531 45824 
15000 225185 120169 325158 49658 
16000 261746 128435 355242 53067 
17000 271504 153400 381912 56800 
18000 304115 169697 388046 60930 
19000 309946 177674 417644 64617 
20000 319517 180114 436796 68602 
21000 345542 206088 494314 71995 
22000 367040 194386 502946 75164 
23000 411585 207042 535251 78632 
24000 427396 230934 511794 84358 
25000 400147 223900 571403 87130 
26000 441853 233157 603365 90669 
27000 447186 244081 663777 93282 
28000 469134 272221 647106 98784 
29000 482029 254366 654503 103161 
30000 504672 294862 716710 106738 
31000 554866 316863 770026 108667 
32000 566836 315990 730455 114708 
33000 582532 325419 798322 117639 
34000 621902 298370 813293 122349 
35000 631567 354510 839739 125380 
36000 626047 339619 844184 130105 
37000 636377 358288 867056 134452 
38000 684090 383690 978501 136784 
39000 735647 336758 956907 139886 
40000 703107 381424 987490 144432 
41000 714510 394139 1020681 149051 
42000 725030 416842 992072 154061 
43000 865961 464509 1010388 158450 
44000 788916 456833 1063929 161261 
45000 826275 451340 1066929 166417 
46000 812637 426241 1097482 170048 
47000 857432 469315 1162717 174976 
48000 856470 475881 1190182 176678 
49000 854280 463448 1199993 181250 
50000 917218 518026 1340247 183617 
