#random data for k = 100
#N-compQ-swapQ-compH-swapH-compI-swapI
10 28 28 52 11 16 16 
10 25 25 59 8 10 10 
10 20 20 57 10 15 15 
10 21 21 50 8 25 25 
10 27 27 54 13 24 24 
10 17 17 51 9 21 21 
10 15 15 56 9 19 19 
10 32 32 54 12 18 18 
10 16 16 57 11 30 30 
10 20 20 51 9 18 18 
10 25 25 53 7 29 29 
10 11 11 51 10 14 14 
10 12 12 51 9 13 13 
10 22 22 56 11 12 12 
10 27 27 52 7 28 28 
10 16 16 59 10 21 21 
10 23 23 66 9 19 19 
10 26 26 57 11 14 14 
10 15 15 54 9 19 19 
10 16 16 58 12 21 21 
10 23 23 50 7 17 17 
10 17 17 61 8 17 17 
10 22 22 58 9 21 21 
10 24 24 56 11 19 19 
10 20 20 51 9 11 11 
10 26 26 61 10 22 22 
10 14 14 53 9 14 14 
10 18 18 62 9 24 24 
10 18 18 59 8 18 18 
10 12 12 49 8 19 19 
10 18 18 53 6 16 16 
10 22 22 51 10 14 14 
10 29 29 53 8 26 26 
10 12 12 53 12 17 17 
10 18 18 53 10 12 12 
10 25 25 53 5 18 18 
10 21 21 52 11 13 13 
10 19 19 60 9 31 31 
10 29 29 52 11 30 30 
10 26 26 58 11 23 23 
10 21 21 57 9 31 31 
10 17 17 52 11 14 14 
10 17 17 49 8 21 21 
10 10 10 54 9 20 20 
10 29 29 53 11 16 16 
10 28 28 56 9 19 19 
10 18 18 52 12 23 23 
10 23 23 59 7 26 26 
10 13 13 58 8 17 17 
10 21 21 52 11 23 23 
10 19 19 50 7 18 18 
10 21 21 55 10 22 22 
10 22 22 49 9 14 14 
10 24 24 48 8 23 23 
10 28 28 48 7 29 29 
10 19 19 51 10 26 26 
10 11 11 55 9 21 21 
10 29 29 55 7 25 25 
10 24 24 54 10 33 33 
10 26 26 50 10 24 24 
10 22 22 48 9 27 27 
10 19 19 60 10 19 19 
10 22 22 56 11 16 16 
10 36 36 55 7 26 26 
10 19 19 54 11 31 31 
10 19 19 55 8 7 7 
10 16 16 65 6 12 12 
10 16 16 54 9 19 19 
10 20 20 49 8 23 23 
10 21 21 51 8 23 23 
10 21 21 60 9 28 28 
10 21 21 52 11 21 21 
10 21 21 57 9 18 18 
10 19 19 53 9 16 16 
10 24 24 53 8 27 27 
10 16 16 64 7 16 16 
10 25 25 55 8 25 25 
10 20 20 53 8 25 25 
10 26 26 55 13 20 20 
10 25 25 55 12 24 24 
10 30 30 54 9 15 15 
10 21 21 57 9 27 27 
10 12 12 55 11 32 32 
10 18 18 57 6 25 25 
10 25 25 50 10 21 21 
10 26 26 54 12 27 27 
10 28 28 54 12 11 11 
10 22 22 51 9 26 26 
10 25 25 52 7 27 27 
10 20 20 57 8 24 24 
10 12 12 53 13 21 21 
10 17 17 52 9 17 17 
10 32 32 59 8 20 20 
10 16 16 57 11 22 22 
10 19 19 53 12 28 28 
10 22 22 51 9 23 23 
10 17 17 61 10 23 23 
10 20 20 52 10 14 14 
10 24 24 51 9 35 35 
10 19 19 54 10 35 35 
20 83 53 130 24 111 111 
20 65 45 140 22 88 88 
20 66 49 126 23 81 81 
20 57 49 135 23 83 83 
20 61 43 147 23 99 99 
20 69 22 148 21 106 106 
20 60 51 133 22 97 97 
20 55 49 138 20 83 83 
20 70 53 129 20 121 121 
20 66 54 133 25 83 83 
20 70 50 130 27 71 71 
20 54 45 143 19 102 102 
20 65 42 130 29 109 109 
20 69 60 133 21 83 83 
20 78 58 128 24 103 103 
20 64 57 132 26 102 102 
20 75 37 136 24 59 59 
20 92 68 126 23 100 100 
20 66 41 145 24 100 100 
20 59 50 131 27 107 107 
20 54 43 134 20 94 94 
20 64 55 149 23 90 90 
20 54 37 160 24 94 94 
20 57 43 148 22 88 88 
20 61 35 132 25 121 121 
20 65 53 130 23 100 100 
20 67 61 139 22 95 95 
20 53 34 131 23 101 101 
20 63 54 130 21 123 123 
20 59 51 138 21 106 106 
20 53 44 137 25 113 113 
20 66 55 136 24 104 104 
20 64 58 143 20 104 104 
20 48 36 189 17 97 97 
20 68 55 141 25 101 101 
20 86 63 150 24 82 82 
20 61 51 154 19 99 99 
20 45 33 127 20 95 95 
20 58 41 136 20 70 70 
20 67 63 133 22 93 93 
20 47 37 138 27 82 82 
20 50 39 137 26 71 71 
20 74 38 132 24 77 77 
20 59 51 136 24 103 103 
20 53 40 153 21 110 110 
20 66 60 158 22 81 81 
20 84 75 133 24 93 93 
20 74 46 139 16 107 107 
20 41 26 130 20 78 78 
20 85 79 137 21 88 88 
20 53 36 142 25 65 65 
20 85 80 157 17 90 90 
20 79 44 135 24 76 76 
20 72 40 133 23 98 98 
20 77 71 128 25 77 77 
20 73 64 129 19 86 86 
20 63 40 137 24 91 91 
20 52 43 124 25 107 107 
20 68 62 127 26 81 81 
20 62 52 123 25 96 96 
20 73 62 144 23 119 119 
20 62 53 128 20 91 91 
20 63 56 142 24 97 97 
20 70 39 128 24 76 76 
20 65 50 134 21 102 102 
20 77 44 127 22 107 107 
20 51 32 142 22 84 84 
20 59 40 129 25 98 98 
20 64 48 150 28 95 95 
20 83 69 148 21 96 96 
20 50 33 146 19 94 94 
20 69 32 144 23 97 97 
20 60 45 125 23 86 86 
20 62 44 136 23 114 114 
20 73 69 141 22 106 106 
20 53 45 129 24 101 101 
20 51 38 145 25 105 105 
20 59 49 125 26 60 60 
20 58 49 124 25 105 105 
20 69 62 128 24 98 98 
20 59 39 164 18 90 90 
20 77 53 128 21 78 78 
20 53 36 172 21 77 77 
20 61 45 119 23 95 95 
20 60 54 152 20 107 107 
20 86 63 133 24 102 102 
20 50 41 145 19 90 90 
20 49 35 124 26 63 63 
20 68 61 137 20 101 101 
20 80 57 127 19 77 77 
20 81 59 141 23 116 116 
20 53 39 168 19 87 87 
20 64 54 131 22 67 67 
20 64 55 136 25 74 74 
20 64 58 137 23 92 92 
20 53 42 124 24 75 75 
20 49 26 149 22 81 81 
20 82 47 151 23 102 102 
20 85 52 135 23 80 80 
20 62 48 130 23 75 75 
30 105 79 225 45 174 174 
30 113 62 230 35 156 156 
30 105 77 214 41 196 196 
30 106 40 215 35 222 222 
30 113 63 232 34 217 217 
30 111 97 226 40 219 219 
30 100 67 219 38 232 232 
30 147 58 212 39 261 261 
30 116 77 239 36 230 230 
30 109 81 251 34 223 223 
30 110 85 233 34 215 215 
30 103 80 242 36 201 201 
30 106 90 256 38 233 233 
30 168 135 227 41 250 250 
30 92 71 215 44 248 248 
30 132 110 227 40 201 201 
30 119 80 215 40 234 234 
30 114 84 229 39 163 163 
30 95 62 234 36 204 204 
30 102 82 219 38 169 169 
30 130 70 225 40 247 247 
30 105 71 246 43 168 168 
30 101 72 212 33 214 214 
30 115 98 222 35 201 201 
30 110 77 215 39 258 258 
30 123 81 233 35 240 240 
30 98 75 247 38 191 191 
30 139 77 248 37 234 234 
30 95 61 220 41 243 243 
30 112 85 216 37 204 204 
30 120 77 236 40 233 233 
30 97 76 234 35 220 220 
30 104 88 230 39 205 205 
30 90 56 219 37 211 211 
30 112 66 225 31 263 263 
30 156 136 246 37 311 311 
30 98 68 249 37 190 190 
30 138 96 233 33 248 248 
30 103 50 213 33 200 200 
30 108 87 218 40 176 176 
30 116 86 213 32 207 207 
30 120 80 223 35 175 175 
30 102 78 223 44 209 209 
30 108 92 215 39 200 200 
30 102 69 208 42 214 214 
30 107 71 218 38 189 189 
30 99 82 256 34 210 210 
30 112 69 240 38 187 187 
30 118 100 234 36 187 187 
30 106 65 228 38 241 241 
30 137 84 215 37 239 239 
30 138 107 213 43 194 194 
30 95 65 247 36 199 199 
30 101 74 255 36 212 212 
30 126 81 213 36 236 236 
30 106 86 217 44 193 193 
30 103 56 252 38 197 197 
30 129 104 249 38 204 204 
30 121 81 229 39 172 172 
30 108 91 232 40 220 220 
30 121 107 215 41 239 239 
30 102 63 247 34 232 232 
30 115 72 267 33 201 201 
30 91 75 247 40 207 207 
30 129 112 239 42 230 230 
30 145 102 237 38 200 200 
30 134 110 222 41 160 160 
30 116 74 222 38 192 192 
30 113 77 243 42 202 202 
30 118 95 233 37 239 239 
30 152 73 211 39 210 210 
30 121 85 250 40 202 202 
30 82 57 230 39 227 227 
30 118 67 217 34 239 239 
30 101 82 238 36 200 200 
30 110 78 211 42 238 238 
30 102 46 281 42 195 195 
30 88 54 218 40 202 202 
30 104 73 273 37 219 219 
30 106 59 227 38 203 203 
30 93 54 214 34 274 274 
30 101 74 211 42 160 160 
30 104 58 247 38 224 224 
30 105 77 218 40 224 224 
30 129 100 272 42 200 200 
30 100 84 233 42 165 165 
30 100 75 230 35 275 275 
30 128 103 264 35 203 203 
30 112 79 231 40 198 198 
30 142 99 242 43 215 215 
30 134 71 242 43 250 250 
30 118 103 264 39 189 189 
30 113 75 228 43 243 243 
30 98 55 241 38 201 201 
30 113 83 235 37 171 171 
30 137 114 214 28 193 193 
30 118 92 212 39 184 184 
30 134 84 250 37 229 229 
30 153 71 212 42 239 239 
30 91 49 226 39 247 247 
40 150 93 325 55 393 393 
40 171 110 315 50 392 392 
40 181 147 309 50 415 415 
40 158 116 342 56 335 335 
40 180 137 397 48 357 357 
40 180 100 301 54 369 369 
40 147 100 336 53 354 354 
40 222 150 366 63 328 328 
40 218 79 318 56 421 421 
40 158 100 320 57 439 439 
40 187 120 373 59 426 426 
40 177 104 336 48 481 481 
40 182 125 315 57 377 377 
40 196 165 321 59 360 360 
40 163 130 357 59 397 397 
40 170 142 330 63 391 391 
40 139 86 349 53 379 379 
40 162 116 316 56 442 442 
40 188 132 345 51 374 374 
40 177 126 317 59 355 355 
40 167 130 302 56 401 401 
40 205 151 321 59 427 427 
40 175 117 331 52 325 325 
40 211 97 307 63 445 445 
40 149 106 338 58 434 434 
40 176 140 308 56 376 376 
40 171 122 346 59 316 316 
40 159 106 313 53 340 340 
40 149 114 376 63 442 442 
40 207 143 311 54 352 352 
40 160 96 317 59 363 363 
40 171 87 326 50 366 366 
40 219 196 298 56 382 382 
40 172 110 331 54 331 331 
40 149 108 321 54 437 437 
40 158 91 328 53 396 396 
40 180 114 329 58 377 377 
40 171 113 322 52 291 291 
40 151 123 335 46 429 429 
40 187 118 335 52 399 399 
40 225 146 344 47 435 435 
40 144 102 374 51 323 323 
40 163 81 321 55 368 368 
40 171 86 355 56 416 416 
40 181 114 303 57 397 397 
40 201 184 309 59 335 335 
40 183 88 338 44 446 446 
40 189 131 316 51 338 338 
40 174 128 313 48 321 321 
40 237 156 313 57 449 449 
40 166 99 354 55 343 343 
40 201 170 308 62 378 378 
40 146 111 336 50 397 397 
40 236 141 332 57 398 398 
40 162 100 307 64 324 324 
40 164 136 338 55 385 385 
40 208 163 309 54 314 314 
40 197 87 309 49 376 376 
40 159 112 334 52 406 406 
40 166 110 338 56 470 470 
40 171 100 313 53 299 299 
40 196 117 351 45 408 408 
40 150 108 364 53 363 363 
40 186 90 342 54 415 415 
40 197 150 302 57 365 365 
40 166 82 316 59 366 366 
40 145 90 333 58 313 313 
40 190 113 320 58 393 393 
40 146 103 343 50 491 491 
40 158 115 302 55 321 321 
40 204 127 314 53 439 439 
40 245 185 355 58 315 315 
40 165 97 319 50 402 402 
40 167 138 307 58 502 502 
40 233 204 342 55 401 401 
40 166 112 349 60 342 342 
40 169 123 383 58 347 347 
40 159 111 303 57 341 341 
40 148 96 324 53 350 350 
40 161 107 307 57 448 448 
40 185 133 336 51 398 398 
40 186 129 316 62 345 345 
40 216 171 373 57 345 345 
40 168 111 344 49 360 360 
40 177 110 342 51 414 414 
40 176 121 318 52 380 380 
40 188 156 331 51 456 456 
40 179 137 324 54 399 399 
40 243 185 386 57 434 434 
40 163 92 350 51 371 371 
40 188 135 335 51 453 453 
40 144 104 305 53 388 388 
40 163 132 331 57 435 435 
40 201 171 343 53 433 433 
40 159 108 327 58 457 457 
40 151 100 319 50 419 419 
40 153 114 320 48 342 342 
40 165 140 359 51 345 345 
40 157 127 377 55 421 421 
40 206 77 348 56 353 353 
50 248 165 454 69 600 600 
50 261 122 402 69 619 619 
50 257 165 424 71 550 550 
50 239 148 465 76 522 522 
50 228 160 451 77 629 629 
50 259 221 456 65 631 631 
50 215 125 441 77 558 558 
50 248 201 459 72 602 602 
50 234 174 469 72 666 666 
50 201 143 426 71 510 510 
50 250 168 422 70 588 588 
50 209 114 399 71 546 546 
50 211 137 437 74 652 652 
50 206 144 489 70 596 596 
50 215 152 432 73 621 621 
50 270 154 465 67 619 619 
50 291 189 459 71 595 595 
50 289 165 466 74 553 553 
50 239 131 440 66 699 699 
50 188 135 417 72 682 682 
50 310 243 413 64 601 601 
50 235 185 488 68 642 642 
50 246 127 428 72 511 511 
50 209 157 453 71 513 513 
50 219 159 447 69 693 693 
50 237 167 408 72 656 656 
50 210 127 451 67 596 596 
50 217 146 454 73 543 543 
50 265 154 460 70 580 580 
50 250 194 456 69 586 586 
50 226 140 436 69 623 623 
50 214 141 453 71 572 572 
50 245 150 407 70 691 691 
50 219 145 424 66 527 527 
50 214 151 436 76 600 600 
50 244 131 403 83 624 624 
50 227 115 459 76 675 675 
50 330 256 423 68 625 625 
50 225 140 419 75 549 549 
50 213 127 480 78 628 628 
50 233 138 440 70 643 643 
50 237 181 415 66 723 723 
50 231 127 468 74 640 640 
50 281 188 493 66 669 669 
50 250 123 472 68 598 598 
50 231 176 490 75 477 477 
50 231 164 439 69 635 635 
50 255 159 421 79 623 623 
50 202 125 429 68 488 488 
50 219 144 476 67 638 638 
50 222 124 427 72 533 533 
50 272 188 508 77 720 720 
50 249 111 422 73 653 653 
50 210 129 429 75 569 569 
50 229 177 461 73 530 530 
50 256 182 441 77 615 615 
50 252 121 468 69 704 704 
50 243 156 439 66 697 697 
50 225 142 420 71 534 534 
50 272 211 441 76 604 604 
50 302 208 476 72 615 615 
50 216 133 439 71 515 515 
50 252 159 424 74 579 579 
50 220 166 416 76 487 487 
50 198 134 450 68 694 694 
50 228 160 413 82 675 675 
50 237 130 412 76 609 609 
50 257 146 450 84 585 585 
50 207 131 407 69 596 596 
50 260 131 466 81 592 592 
50 268 210 452 81 593 593 
50 237 150 446 68 693 693 
50 209 134 415 73 572 572 
50 318 210 401 80 628 628 
50 248 148 449 80 565 565 
50 217 156 428 66 588 588 
50 227 145 462 63 572 572 
50 231 171 442 76 653 653 
50 240 167 487 72 663 663 
50 221 140 421 76 494 494 
50 227 100 444 71 706 706 
50 311 229 444 69 720 720 
50 336 168 415 77 698 698 
50 314 162 499 70 674 674 
50 213 142 425 73 665 665 
50 221 147 430 69 769 769 
50 220 149 482 71 484 484 
50 254 126 446 75 532 532 
50 210 143 487 66 633 633 
50 205 130 416 67 639 639 
50 208 143 463 74 700 700 
50 209 132 417 74 521 521 
50 273 140 472 72 512 512 
50 232 172 434 75 628 628 
50 239 198 435 65 559 559 
50 298 202 461 74 618 618 
50 227 124 427 65 596 596 
50 240 194 478 68 579 579 
50 275 213 433 78 554 554 
50 264 141 425 68 617 617 
